3241,24,6,41
928,400,5,98
654,415,7,7
1190,295,1,16
807,374,3,50
2530,224,8,11
3589,57,8,70
1469,384,4,81
4090,124,10,1
4055,347,3,27
2816,374,9,50
3705,281,3,96
4148,246,6,32
2867,189,6,92
1223,68,9,72
2342,315,10,88
1898,147,1,100
4589,114,8,15
30,108,9,7
4980,356,3,33
1630,193,6,99
3824,43,8,26
2817,238,9,12
687,252,3,19
4680,127,9,50
112,58,1,13
4231,131,10,87
4553,66,3,77
113,1,7,50
177,306,1,27
4608,348,10,59
4524,281,3,96
1381,476,5,29
236,128,1,83
2444,223,8,38
4029,384,1,81
1651,254,9,67
2914,143,7,95
4681,305,2,83
4275,259,7,15
3780,401,2,11
4850,126,6,21
624,436,8,81
1390,184,3,12
2741,396,3,54
3031,392,4,32
4885,405,1,49
138,427,9,8
345,322,1,37
602,347,7,27
4537,370,5,76
2619,330,8,14
991,394,2,18
2270,362,7,41
3886,221,3,38
2563,433,10,84
1572,477,10,71
3690,274,6,1
4103,136,4,99
2927,406,9,85
2902,494,1,69
2913,213,5,85
2738,9,4,74
4208,350,7,100
4085,377,4,65
1421,263,8,39
3843,158,6,63
4598,60,9,43
4840,339,8,44
4729,81,6,5
4485,158,6,63
1520,201,10,87
481,422,1,56
1565,454,10,17
128,215,10,7
2294,429,7,63
1548,447,10,27
1613,436,4,81
1642,80,6,76
4856,344,2,69
3722,259,8,15
802,370,8,76
611,424,2,15
1264,399,6,66
421,107,9,93
522,298,2,86
1834,38,3,62
3299,468,8,54
4521,475,8,2
4546,458,1,34
2245,320,9,36
2590,227,9,68
815,450,3,40
1232,3,4,85
2065,178,3,91
4988,463,7,27
3478,166,8,73
1295,240,3,47
2871,298,6,86
4772,47,4,80
2144,443,1,37
148,245,5,61
4423,82,4,100
903,191,6,77
1053,326,10,88
3957,373,4,74
4108,415,8,7
175,461,10,44
2918,110,10,8
1297,466,1,51
4539,250,8,63
156,456,9,42
66,87,5,58
2738,173,7,72
1417,38,7,62
4505,485,9,61
2782,336,7,62
2334,125,5,14
680,88,5,48
157,163,7,17
2163,251,8,5
4404,182,9,18
4006,483,2,61
1444,181,3,77
4537,477,8,71
3052,248,2,1
3034,251,3,5
4771,40,4,4
3403,331,2,46
2623,360,7,4
2772,273,1,60
2051,211,9,13
3247,444,2,43
2181,155,1,49
3353,101,4,19
4197,360,7,4
2604,57,8,70
4373,145,6,75
3160,412,7,75
3885,400,2,98
2720,283,7,46
1935,474,5,20
1779,182,3,18
2434,322,2,37
4915,284,5,38
1077,425,2,33
4341,44,9,28
2666,392,4,32
2620,336,2,62
4207,301,5,28
821,308,5,8
1027,436,10,81
4279,321,4,44
4374,194,6,51
4820,69,7,57
2900,320,6,36
4937,198,2,15
791,380,5,42
2545,89,4,68
4930,393,3,3
2697,85,1,43
4665,148,7,26
4847,46,3,26
575,82,1,100
523,431,6,1
4521,112,7,25
3831,404,6,29
1558,184,2,12
4011,256,2,88
4754,268,2,72
2936,22,4,12
1762,261,9,4
4796,480,1,42
2467,99,1,41
759,353,1,9
2358,162,5,21
1620,161,10,42
3224,2,1,7
1109,386,1,23
3773,174,8,80
92,5,1,81
4594,166,8,73
460,25,6,43
1073,322,2,37
1265,91,10,24
2153,314,8,52
2349,34,9,14
3002,475,9,2
4345,474,6,20
1039,428,10,31
1314,404,6,29
3701,39,2,14
1659,78,3,5
2656,394,7,18
666,460,7,8
173,132,8,90
4879,316,3,84
4853,495,4,25
2039,223,5,38
510,79,9,88
2350,482,2,64
2840,184,5,12
720,21,3,63
4204,449,4,74
1447,62,7,11
2401,289,6,8
3299,218,9,25
4203,352,7,77
3110,195,8,8
510,253,10,11
3939,417,6,72
2336,369,2,84
4507,477,4,71
2809,51,6,83
2914,176,4,100
2317,185,1,38
4083,251,9,5
4835,289,10,8
2572,386,3,23
499,442,9,57
4430,237,10,28
974,420,10,14
2056,99,2,41
2952,289,10,8
29,60,3,43
600,355,1,53
499,85,8,43
3656,118,9,34
1135,174,5,80
2363,261,2,4
2002,345,7,91
3312,193,6,99
4560,303,9,45
2802,106,1,40
3293,205,9,44
4903,379,7,51
1757,493,5,33
2789,12,4,14
379,118,1,34
886,361,4,49
3327,244,8,98
2476,132,10,90
1725,175,6,83
3950,181,5,77
259,77,9,42
2329,188,5,89
3779,168,1,6
1914,321,8,44
4763,257,3,22
4680,293,9,25
3021,133,7,65
2506,239,7,96
2228,451,6,98
3378,262,1,31
3840,14,2,47
1902,447,2,27
3164,347,4,27
703,167,5,6
3949,424,4,15
4036,20,2,79
414,486,9,30
3321,473,5,27
2423,438,4,51
3594,382,1,22
1853,31,8,10
3604,246,10,32
2369,202,9,27
4597,468,1,54
4466,424,9,15
2579,125,7,14
2538,284,6,38
2867,339,1,44
931,279,5,77
654,295,1,16
902,473,6,27
2716,99,10,41
4689,216,9,66
2311,22,7,12
4658,142,7,24
2691,351,4,71
3853,443,2,37
1427,81,3,5
4028,347,8,27
3659,32,4,27
3583,187,1,81
2173,441,10,1
373,138,2,47
693,25,4,43
659,234,10,30
2462,137,5,72
732,317,10,82
1750,54,4,31
3418,360,7,4
3961,363,4,53
1568,340,4,62
2846,251,2,5
578,395,9,35
3267,264,6,21
2146,492,2,82
516,124,6,1
1930,133,6,65
4999,200,2,68
2893,145,8,75
3565,360,4,4
3197,172,10,79
567,432,9,38
2283,259,7,15
2060,119,6,1
2793,256,2,88
4973,468,2,54
1476,137,4,72
2253,153,7,16
2884,387,8,50
2585,124,2,1
3054,320,10,36
3970,218,1,25
2042,383,3,49
2373,426,9,91
532,151,8,21
903,359,3,47
2231,392,6,32
3412,239,7,96
1093,355,8,53
4097,483,7,61
2061,248,3,1
4145,152,2,11
2882,152,4,11
2817,42,1,66
2714,137,7,72
3026,220,1,75
4419,160,7,87
87,435,9,34
4568,370,10,76
2557,416,2,81
4591,253,7,11
1354,251,4,5
4905,276,10,85
1347,106,3,40
694,286,1,66
4852,209,6,52
1150,315,2,88
4321,466,1,51
1109,418,3,15
691,57,5,70
3796,444,3,43
2421,463,5,27
4733,320,10,36
2468,172,7,79
291,265,6,96
3669,19,7,47
1345,84,6,39
4441,302,3,62
1987,392,9,32
3570,32,1,27
3114,156,2,34
4689,96,4,79
1588,202,3,27
4803,135,10,88
553,220,8,75
4246,393,8,3
4177,240,1,47
4286,390,4,85
4992,352,9,77
4802,360,8,4
866,68,9,72
593,245,1,61
3053,303,10,45
4948,40,1,4
1468,102,3,37
3567,361,3,49
2469,408,3,8
4216,116,7,61
1006,26,8,88
3429,409,9,26
713,129,4,71
4699,50,10,46
1610,130,9,66
4,494,4,69
4007,308,8,8
1836,427,5,8
4613,145,10,75
3552,200,9,68
2679,294,7,57
4510,108,2,7
3067,403,7,77
4375,195,9,8
2377,423,10,57
3226,481,1,82
2812,29,5,65
3325,273,4,60
2960,96,7,79
2443,231,7,25
3700,361,3,49
1411,289,4,8
3069,197,6,55
3890,232,10,33
155,163,2,17
4040,403,4,77
891,427,3,8
784,35,9,34
3937,130,3,66
223,464,7,29
3442,42,5,66
3506,381,4,31
972,313,6,8
3199,193,10,99
4147,237,1,28
159,60,10,43
4465,294,8,57
4465,218,2,25
4967,158,6,63
3302,391,6,8
131,497,5,75
436,112,9,25
3700,68,9,72
4003,107,10,93
2564,35,3,34
1196,382,4,22
3101,388,4,79
4057,169,8,53
4415,26,2,88
2730,157,8,52
1620,251,2,5
1778,92,4,75
1278,166,4,73
828,359,10,47
2751,147,5,100
2730,498,6,24
2838,362,5,41
2732,263,3,39
3020,394,6,18
2442,216,6,66
2716,32,7,27
806,24,7,41
2915,437,8,67
4416,44,2,28
771,147,2,100
4954,32,8,27
4615,86,10,81
2620,203,7,15
4613,219,4,34
2553,457,7,28
2377,15,1,40
2654,103,3,94
1379,131,2,87
2116,391,7,8
897,287,9,31
4085,154,5,4
457,259,8,15
464,231,1,25
2450,431,9,1
3585,193,6,99
4850,461,5,44
261,479,7,79
1656,266,6,57
2152,233,9,85
1788,370,5,76
4214,466,7,51
2640,447,9,27
950,184,3,12
1512,238,10,12
3578,309,6,81
4990,392,9,32
4349,263,6,39
1394,413,9,70
2712,486,5,30
547,27,6,2
2757,388,1,79
17,186,6,36
3689,481,3,82
1699,385,1,40
3006,452,1,55
19,21,7,63
2871,320,1,36
2025,132,5,90
4617,92,6,75
1751,129,6,71
1532,497,6,75
2357,126,8,21
4382,185,3,38
4647,295,9,16
245,356,3,33
3748,428,5,31
3350,432,3,38
4425,98,4,24
52,380,2,42
4938,224,6,11
1673,304,6,99
1281,113,10,78
2580,52,7,1
2558,471,9,49
2154,275,2,84
4934,375,9,57
1278,368,7,15
18,408,8,8
1591,305,5,83
1575,224,3,11
738,256,3,88
4494,238,9,12
1966,346,10,48
2080,380,1,42
706,445,9,75
1489,26,5,88
265,65,9,77
1910,328,1,30
240,406,3,85
2395,187,6,81
114,302,2,62
4772,461,3,44
4352,187,9,81
4666,258,1,86
2426,92,8,75
4185,408,2,8
2319,339,5,44
3671,187,3,81
1421,487,5,47
3743,101,9,19
1274,35,7,34
1220,382,8,22
3880,327,1,58
4930,204,6,48
2147,351,6,71
532,44,10,28
3331,350,6,100
306,173,2,72
4957,424,8,15
2495,138,9,47
3994,281,3,96
4997,345,3,91
3376,419,6,100
1257,68,8,72
3877,85,9,43
3125,470,1,68
4872,298,2,86
1933,24,8,41
200,240,2,47
107,401,8,11
3096,109,5,17
2060,357,7,29
134,288,7,4
1822,103,5,94
3723,25,2,43
524,186,7,36
1463,287,10,31
4011,361,3,49
11,57,8,70
1463,296,2,12
2697,158,10,63
3154,293,4,25
3882,329,2,100
2362,284,5,38
1315,280,4,86
4818,446,10,9
582,224,5,11
3782,127,4,50
3188,363,8,53
1937,208,3,11
641,22,3,12
719,267,8,84
3619,103,10,94
2195,285,8,18
1381,59,2,29
822,387,1,50
2096,202,3,27
165,359,6,47
2047,304,7,99
877,383,9,49
1777,336,10,62
373,239,6,96
4530,328,6,30
1911,103,1,94
4367,319,8,83
449,365,8,85
499,202,8,27
1705,247,8,65
4927,371,5,75
1130,358,4,88
2917,162,2,21
1849,79,1,88
766,373,2,74
2325,355,7,53
3090,81,10,5
3609,261,5,4
924,233,10,85
3029,283,10,46
561,487,2,47
2280,126,2,21
1929,31,3,10
919,119,2,1
600,45,8,86
3678,443,2,37
173,59,4,29
3434,395,5,35
4494,280,5,86
691,397,6,74
1411,209,10,52
2514,1,5,50
1786,77,1,42
4307,397,9,74
830,413,4,70
1713,222,2,54
4202,462,9,15
3239,259,2,15
4563,150,7,74
905,237,4,28
3459,82,3,100
1891,337,5,30
927,262,7,31
4866,128,6,83
3744,330,2,14
1192,352,3,77
4896,131,10,87
4883,243,1,55
1429,136,6,99
3477,437,4,67
1096,441,1,1
2416,323,1,36
4642,312,9,79
3471,287,9,31
903,321,2,44
4952,184,8,12
3932,329,7,100
314,237,3,28
1590,125,1,14
3904,263,1,39
2598,450,9,40
3971,16,4,13
4264,310,3,30
2401,90,8,3
3967,220,8,75
3,311,5,75
3139,383,4,49
2042,351,9,71
4837,117,2,18
122,203,4,15
3470,263,9,39
2730,428,6,31
3935,166,2,73
1095,451,8,98
1227,86,8,81
3277,174,3,80
2992,25,10,43
3295,231,4,25
4116,417,2,72
1298,85,4,43
895,117,2,18
170,245,10,61
1194,153,8,16
2534,87,6,58
4619,187,1,81
4693,440,4,14
2337,90,6,3
3119,60,10,43
370,355,10,53
3349,226,5,1
768,225,4,6
3480,121,8,69
3810,269,1,44
4058,275,4,84
573,492,5,82
606,455,5,42
1745,70,6,63
4635,436,4,81
4910,46,1,26
1100,461,3,44
3111,191,3,77
1707,57,2,70
2266,364,9,86
2928,138,2,47
2859,369,10,84
80,45,6,86
3471,482,3,64
3657,412,5,75
2634,342,10,46
4396,352,7,77
3725,346,6,48
3708,428,4,31
1740,100,1,100
3899,57,8,70
3944,455,3,42
4203,430,3,32
3144,184,10,12
3120,299,2,15
707,90,8,3
1346,450,7,40
4927,474,4,20
4131,313,1,8
2480,324,3,84
199,466,1,51
118,228,8,28
1500,281,2,96
949,184,7,12
1788,52,1,1
2268,193,6,99
3013,201,4,87
2609,167,5,6
2276,484,7,54
3363,185,10,38
3935,235,4,95
885,353,10,9
3118,499,6,38
323,279,9,77
1771,228,1,28
1838,114,4,15
4874,142,9,24
4266,499,1,38
1851,143,1,95
2951,99,9,41
3054,261,8,4
2287,490,2,44
1268,144,4,11
852,145,5,75
1532,44,3,28
4014,379,8,51
27,54,10,31
3377,488,2,31
4692,405,2,49
3453,127,1,50
2578,287,4,31
906,449,7,74
736,157,3,52
4948,433,2,84
4741,412,6,75
4212,245,2,61
2553,117,4,18
4132,41,5,20
3501,333,8,60
1569,156,3,34
189,36,1,65
1646,188,6,89
624,167,6,6
746,55,3,70
1522,350,5,100
1619,433,8,84
3076,456,6,42
1069,107,6,93
1755,52,4,1
2739,306,6,27
662,453,3,5
1390,88,6,48
4100,348,4,59
934,218,1,25
3139,122,6,33
3595,489,10,52
2157,78,5,5
936,155,5,49
4186,167,6,6
2336,153,3,16
2904,252,4,19
3106,73,4,40
1236,99,10,41
2458,436,8,81
2168,378,2,37
4643,311,6,75
345,207,9,26
3719,264,1,21
3384,165,2,1
4349,436,6,81
3825,157,2,52
2594,427,9,8
3539,14,10,47
707,166,2,73
4404,463,4,27
4157,22,9,12
1214,308,3,8
3623,46,5,26
2878,116,4,61
2032,27,7,2
376,447,9,27
4802,53,9,100
1410,24,8,41
3887,500,10,2
2754,429,3,63
804,148,6,26
3738,96,10,79
4385,401,6,11
1169,387,4,50
507,346,3,48
2705,109,1,17
2499,169,5,53
2404,324,8,84
3849,373,4,74
4045,250,8,63
2755,141,1,100
4922,22,9,12
3741,409,6,26
1693,386,9,23
273,393,5,3
3188,149,6,24
3947,241,5,20
3971,376,10,80
3680,167,3,6
2083,405,1,49
3550,204,2,48
245,162,9,21
595,382,1,22
1328,393,9,3
1179,83,8,97
3558,320,9,36
3491,40,8,4
2966,211,9,13
4850,350,8,100
2908,89,8,68
4605,397,5,74
4804,291,1,51
1717,9,4,74
2846,434,2,100
3241,468,7,54
2036,259,1,15
19,86,10,81
3564,295,6,16
3406,24,7,41
3002,353,7,9
141,142,1,24
2459,172,10,79
778,132,8,90
3362,44,1,28
3638,8,10,73
2028,440,10,14
3854,339,9,44
11,221,10,38
1730,37,6,96
1663,288,7,4
3798,432,1,38
4969,497,1,75
3341,42,2,66
2081,471,9,49
3831,482,2,64
2354,393,5,3
1660,187,7,81
2327,214,9,89
1642,12,1,14
4784,458,8,34
3112,406,8,85
2071,309,8,81
2373,12,4,14
318,300,4,11
3461,212,6,94
42,187,3,81
65,486,4,30
674,10,2,79
2179,197,7,55
3968,291,9,51
3838,29,9,65
927,227,2,68
556,36,5,65
4240,32,6,27
3523,109,4,17
2029,76,8,19
1411,112,7,25
1105,31,7,10
4635,231,8,25
4479,337,6,30
2078,94,2,77
1818,401,4,11
3274,494,1,69
2512,435,3,34
2417,411,2,45
1491,288,9,4
4053,319,7,83
209,140,7,95
3044,487,6,47
4743,27,10,2
2736,109,9,17
3322,406,10,85
4055,6,1,87
1759,66,9,77
4681,172,8,79
3924,90,6,3
3136,370,2,76
2027,144,4,11
91,500,10,2
3400,17,1,93
1551,405,8,49
799,328,1,30
1174,468,6,54
231,133,1,65
409,328,7,30
2584,334,3,75
4594,45,8,86
990,270,1,21
1728,186,9,36
659,14,6,47
4698,473,3,27
2405,228,6,28
907,312,10,79
3976,464,1,29
4742,342,3,46
3796,38,7,62
233,417,9,72
1232,308,10,8
1650,352,5,77
1697,353,1,9
1656,354,3,94
4384,169,10,53
3066,354,1,94
297,334,2,75
2228,4,7,8
4888,465,10,38
3367,19,8,47
4274,390,5,85
1098,142,5,24
245,376,9,80
2260,44,6,28
3850,7,7,4
2780,39,3,14
7,5,6,81
3674,127,2,50
4686,456,8,42
2599,153,6,16
1441,143,5,95
4778,142,2,24
2258,11,1,65
24,304,3,99
3459,125,8,14
809,488,5,31
3897,272,1,50
2965,34,4,14
1957,489,7,52
1646,190,3,83
2177,434,1,100
2823,63,4,26
554,14,7,47
3536,127,3,50
4678,121,7,69
180,260,1,16
4302,412,2,75
556,52,1,1
4200,174,1,80
4266,53,9,100
4342,499,6,38
2722,281,10,96
3699,99,10,41
4624,77,6,42
3875,384,1,81
1375,104,5,47
3370,140,5,95
4718,231,2,25
1331,68,7,72
3854,376,1,80
640,484,10,54
1596,351,8,71
4796,399,2,66
2376,334,10,75
4372,486,8,30
4839,31,6,10
382,128,1,83
996,13,1,99
271,259,4,15
4992,236,10,26
2844,31,10,10
2320,484,7,54
1332,419,6,100
255,288,9,4
2942,316,2,84
4949,405,1,49
44,244,8,98
1684,274,7,1
2751,39,8,14
2898,29,3,65
1588,231,6,25
1038,229,8,13
2142,394,4,18
2807,432,2,38
4629,31,6,10
3284,486,3,30
298,251,9,5
3306,10,7,79
2271,405,2,49
4576,421,4,55
4255,192,10,35
727,423,4,57
4137,461,3,44
2795,479,8,79
3928,393,6,3
513,188,6,89
2640,183,3,59
4659,342,8,46
3241,307,8,14
549,500,8,2
3699,474,2,20
2104,358,1,88
4954,406,5,85
2542,295,5,16
3137,498,1,24
2782,134,4,1
233,465,10,38
1613,225,8,6
2991,194,9,51
3517,151,3,21
2972,111,2,18
2295,126,7,21
4336,488,8,31
2307,387,10,50
2778,488,9,31
2489,118,5,34
250,132,3,90
2171,461,8,44
2814,30,7,68
1143,112,8,25
3466,96,7,79
1910,189,2,92
3767,461,7,44
432,102,2,37
349,231,10,25
2448,60,9,43
95,173,5,72
1494,148,4,26
251,62,7,11
4189,367,9,13
3854,234,2,30
4418,288,8,4
3433,172,5,79
4505,382,8,22
4722,387,6,50
446,247,9,65
2571,318,5,100
4687,375,2,57
1038,49,1,99
3850,17,2,93
3803,106,10,40
321,475,3,2
3220,356,10,33
808,416,1,81
4281,437,3,67
182,369,3,84
272,443,5,37
4572,287,2,31
1655,295,1,16
1297,131,8,87
2186,24,4,41
347,442,4,57
353,115,10,9
1814,127,2,50
584,355,1,53
3845,19,6,47
1200,1,9,50
542,123,7,86
1550,420,5,14
46,2,8,7
41,280,7,86
3923,301,5,28
2003,493,7,33
4014,58,6,13
173,15,4,40
2832,361,8,49
2578,370,6,76
2194,212,10,94
2566,455,9,42
3063,288,6,4
425,140,1,95
2706,278,10,93
4691,149,8,24
2461,191,9,77
297,381,3,31
4065,462,1,15
3826,142,6,24
1027,394,1,18
2099,329,4,100
2820,289,10,8
1401,372,8,99
4602,295,10,16
1795,450,9,40
4850,334,8,75
1952,346,8,48
3473,391,1,8
2124,370,8,76
1635,306,9,27
3261,256,2,88
195,399,2,66
2217,418,10,15
4811,107,6,93
4428,348,7,59
897,11,5,65
2451,292,8,6
4190,290,6,36
1067,197,10,55
2191,413,9,70
27,226,6,1
3246,418,2,15
4934,53,9,100
2930,125,10,14
790,422,6,56
4896,383,8,49
4925,143,10,95
2622,275,1,84
4400,254,3,67
2998,368,1,15
1639,48,4,13
2917,101,7,19
1023,96,4,79
4310,310,8,30
714,219,8,34
1211,118,8,34
797,255,8,64
4440,309,3,81
921,203,1,15
926,144,5,11
3769,58,7,13
2364,472,6,68
3714,492,1,82
1474,441,9,1
3459,406,5,85
4267,265,4,96
2362,163,3,17
842,171,5,53
3962,419,4,100
4909,207,2,26
1094,147,9,100
3355,397,1,74
196,164,10,5
272,34,2,14
16,445,5,75
2819,219,4,34
4929,139,2,71
1657,337,3,30
1883,20,3,79
4574,113,3,78
469,200,7,68
1115,106,9,40
3909,242,5,93
1152,228,2,28
2320,214,6,89
2325,54,2,31
1487,223,10,38
222,383,7,49
3875,444,5,43
2160,164,9,5
2091,64,8,79
2950,128,6,83
458,439,2,14
1567,145,10,75
3337,397,2,74
4719,232,7,33
225,157,8,52
1847,494,8,69
1191,75,3,86
851,111,7,18
1036,438,10,51
2271,342,9,46
492,365,5,85
1168,402,7,63
3759,143,6,95
122,458,8,34
1872,366,4,68
3054,315,10,88
3415,155,2,49
887,56,7,30
1347,260,7,16
2955,64,2,79
2723,70,8,63
203,40,5,4
687,280,6,86
129,425,8,33
795,109,8,17
4989,239,6,96
3676,401,8,11
3288,418,2,15
1426,137,10,72
4751,301,7,28
2911,65,4,77
4752,433,7,84
2219,389,5,69
621,405,7,49
2695,2,2,7
4366,456,4,42
686,450,9,40
4950,201,3,87
3374,226,8,1
4119,264,3,21
1286,173,7,72
2880,211,3,13
1799,214,1,89
4419,483,6,61
2385,336,7,62
809,444,7,43
1657,97,6,65
1664,172,3,79
1466,38,2,62
3192,307,9,14
3303,70,10,63
4263,269,1,44
3543,249,1,86
1291,435,8,34
4554,115,10,9
284,273,7,60
1834,119,5,1
4978,139,5,71
1949,49,5,99
1670,28,5,22
1334,21,1,63
1473,334,9,75
371,224,9,11
2710,32,3,27
40,400,3,98
4028,263,3,39
1704,188,10,89
2675,190,7,83
256,458,8,34
443,306,6,27
2179,103,8,94
3443,271,3,77
938,304,8,99
1621,369,6,84
2412,323,10,36
1038,352,2,77
3389,346,1,48
1713,71,9,48
1671,308,9,8
1229,433,2,84
4720,364,5,86
3104,224,1,11
1452,379,4,51
2392,418,6,15
404,293,1,25
671,342,6,46
313,377,5,65
4380,84,8,39
1315,227,4,68
4841,310,8,30
3277,167,5,6
3242,184,4,12
234,484,3,54
3954,386,1,23
3355,259,4,15
100,274,8,1
4318,168,10,6
3246,48,7,13
913,307,10,14
314,25,3,43
3280,492,4,82
3641,165,5,1
4387,11,1,65
1387,394,9,18
1110,324,4,84
1424,81,1,5
4055,345,3,91
2343,358,5,88
265,474,3,20
2270,163,3,17
2999,169,1,53
3896,118,9,34
3956,345,2,91
2313,116,4,61
2414,107,6,93
4688,483,3,61
3103,189,8,92
4419,288,6,4
4304,29,2,65
1165,194,2,51
4953,328,4,30
2581,46,8,26
3778,50,2,46
3577,247,10,65
1779,103,8,94
901,498,7,24
234,493,4,33
2775,93,8,18
4463,201,9,87
1098,456,3,42
348,343,8,79
2255,378,6,37
1285,13,5,99
149,435,1,34
1697,412,6,75
554,122,2,33
189,419,3,100
4152,331,9,46
1941,449,1,74
1912,489,3,52
1590,387,1,50
1243,393,6,3
172,231,4,25
446,454,2,17
3314,305,8,83
3089,274,5,1
393,454,7,17
1477,26,7,88
2684,481,7,82
1754,439,10,14
1508,192,10,35
2149,159,1,5
2576,436,8,81
146,113,5,78
1903,136,9,99
3864,184,2,12
1277,346,4,48
2896,492,2,82
4612,422,8,56
4738,414,2,6
2569,143,8,95
153,78,6,5
3725,416,8,81
3766,228,10,28
2537,72,3,38
1979,294,10,57
4961,184,4,12
4588,390,10,85
355,70,10,63
758,166,1,73
2072,94,7,77
679,295,2,16
2579,42,9,66
293,379,6,51
1722,55,2,70
1986,355,2,53
3414,164,6,5
3291,4,9,8
601,411,8,45
3817,34,9,14
4303,275,6,84
289,202,9,27
1448,172,7,79
4261,67,9,27
4828,350,5,100
293,435,2,34
3175,383,4,49
3713,411,2,45
3683,392,1,32
1509,93,6,18
2118,139,8,71
3810,341,10,2
935,194,8,51
745,359,2,47
634,61,2,8
3603,487,6,47
49,2,2,7
4367,76,1,19
232,467,4,81
2926,160,9,87
1028,405,2,49
2168,259,10,15
1068,279,2,77
2470,455,8,42
2834,306,1,27
960,91,3,24
870,116,5,61
825,495,6,25
2429,402,6,63
1572,10,3,79
3674,348,7,59
794,360,2,4
4499,396,1,54
244,478,1,2
4057,212,2,94
4292,478,10,2
3569,214,5,89
3649,93,1,18
4927,447,3,27
1754,337,3,30
674,318,8,100
2817,302,4,62
883,479,5,79
2595,278,8,93
413,226,2,1
4189,378,2,37
2726,151,9,21
3931,412,5,75
4016,278,8,93
4164,268,10,72
2761,383,3,49
868,427,6,8
509,345,9,91
1601,2,1,7
4543,167,8,6
75,486,2,30
800,480,2,42
5000,219,5,34
4523,358,6,88
1678,392,10,32
3001,160,5,87
3230,166,9,73
2495,371,1,75
4915,390,2,85
1053,294,8,57
679,369,4,84
1634,156,2,34
4203,15,5,40
2819,4,3,8
506,23,8,51
2580,246,4,32
1109,285,3,18
1070,339,3,44
927,222,6,54
1719,106,10,40
3184,340,5,62
1263,144,2,11
3585,120,4,23
589,442,7,57
808,326,3,88
2283,405,8,49
1503,294,2,57
113,234,1,30
1513,311,1,75
1024,40,8,4
4493,242,1,93
2052,203,5,15
688,74,7,28
3480,428,7,31
4896,377,10,65
1342,381,4,31
3814,172,4,79
1712,20,8,79
311,226,3,1
2590,336,1,62
1095,132,3,90
3600,241,6,20
3494,169,8,53
3599,428,9,31
2817,32,3,27
3399,251,10,5
2404,37,8,96
920,214,1,89
368,124,2,1
2634,180,1,6
1845,353,8,9
4151,412,1,75
3517,345,8,91
4009,254,9,67
1466,457,3,28
3810,58,7,13
2631,206,6,68
4302,367,5,13
3164,78,3,5
1619,111,5,18
313,339,4,44
2787,195,1,8
4873,132,2,90
3431,327,10,58
2291,434,7,100
3791,105,4,63
558,452,4,55
4058,162,2,21
4068,196,8,34
1149,43,7,26
187,70,4,63
2345,29,7,65
4828,368,10,15
1833,268,1,72
4700,340,5,62
3565,61,4,8
1079,351,4,71
944,329,8,100
1556,486,1,30
1392,145,5,75
4030,197,2,55
875,388,1,79
4773,223,7,38
3214,446,9,9
2479,496,3,54
4975,125,10,14
3259,117,2,18
243,419,3,100
1972,315,5,88
821,23,7,51
2455,160,5,87
3148,79,5,88
2433,381,5,31
4697,295,4,16
3383,411,1,45
4819,114,1,15
1422,79,10,88
4129,383,9,49
244,341,1,2
4636,223,7,38
4317,372,7,99
468,109,7,17
2844,500,4,2
4102,204,9,48
157,141,4,100
1756,320,5,36
3334,128,6,83
2439,134,4,1
1812,454,2,17
2898,433,8,84
2893,451,9,98
456,181,7,77
2090,240,9,47
2332,388,6,79
1332,300,3,11
4689,415,5,7
298,92,10,75
4118,305,2,83
840,331,10,46
346,492,9,82
3483,145,1,75
2195,257,3,22
4188,468,2,54
383,17,10,93
4077,235,4,95
2574,210,4,15
1358,284,2,38
1478,145,5,75
4055,408,10,8
3385,291,2,51
1199,338,3,11
1670,83,3,97
4004,284,10,38
3025,179,4,97
2608,370,3,76
3055,159,7,5
486,336,7,62
4524,264,2,21
2640,164,5,5
3850,116,9,61
4522,203,6,15
4009,387,6,50
3827,275,3,84
1532,242,9,93
1274,398,3,90
3107,71,7,48
4918,429,9,63
4339,163,5,17
4033,327,5,58
3481,119,6,1
2717,4,8,8
4788,286,2,66
201,133,9,65
4,19,8,47
4126,179,6,97
3640,493,9,33
2440,338,1,11
3758,14,10,47
4239,307,10,14
826,389,2,69
4089,250,1,63
3420,437,9,67
586,168,4,6
2111,179,6,97
3070,440,9,14
2624,11,7,65
1266,300,10,11
2689,271,3,77
1082,203,8,15
1046,253,4,11
4022,144,2,11
2489,261,4,4
101,15,3,40
4857,331,5,46
1227,368,10,15
4904,90,7,3
2289,499,1,38
2817,330,6,14
1342,100,7,100
1121,131,2,87
2961,435,9,34
4708,289,1,8
247,467,3,81
4013,165,4,1
1040,454,5,17
4590,366,10,68
1234,436,5,81
2804,207,8,26
2999,346,9,48
4109,317,6,82
112,256,7,88
4572,36,4,65
199,416,9,81
3574,404,1,29
1131,152,1,11
216,417,8,72
4807,499,2,38
3598,338,8,11
2926,300,1,11
3840,19,2,47
4823,402,5,63
3222,15,2,40
1252,469,1,32
56,323,2,36
58,422,7,56
1591,489,5,52
2583,403,5,77
799,391,5,8
618,209,10,52
2325,276,4,85
3546,419,5,100
1030,26,3,88
2565,193,1,99
11,85,10,43
4129,53,8,100
2289,72,5,38
3734,449,7,74
4667,228,4,28
1028,67,9,27
430,331,4,46
2053,407,10,52
3672,225,10,6
4876,450,6,40
2288,446,2,9
2887,354,3,94
3154,480,10,42
3692,65,2,77
304,116,9,61
4650,123,8,86
2206,369,3,84
4337,52,9,1
4344,18,5,51
576,232,4,33
1479,309,4,81
1221,337,7,30
2900,57,6,70
4405,224,2,11
581,357,6,29
3734,351,3,71
3007,114,1,15
4563,434,3,100
2417,50,1,46
1644,305,7,83
2342,480,9,42
1258,49,3,99
3418,85,7,43
3823,198,2,15
3852,413,5,70
2325,145,4,75
3144,369,7,84
4688,140,8,95
2802,54,4,31
2143,201,10,87
3922,200,6,68
4415,22,7,12
3794,285,5,18
3932,185,4,38
2501,99,8,41
1970,159,4,5
3208,16,7,13
4843,391,1,8
1867,74,2,28
1526,268,6,72
2445,163,10,17
4697,237,7,28
302,407,8,52
4006,366,10,68
3200,356,8,33
4489,481,6,82
3753,139,9,71
4545,434,7,100
1738,423,8,57
999,54,6,31
1794,372,7,99
3657,394,8,18
1494,234,4,30
1651,43,3,26
605,322,7,37
1582,382,6,22
826,486,6,30
4162,187,9,81
1904,212,3,94
2793,239,3,96
2269,407,5,52
3256,316,1,84
310,104,3,47
2877,175,9,83
566,263,10,39
4418,20,10,79
2027,478,9,2
3737,150,7,74
3702,122,8,33
3559,138,9,47
3363,367,2,13
553,261,2,4
4715,231,10,25
830,78,6,5
4519,442,6,57
4475,251,10,5
777,103,2,94
1650,353,4,9
1126,344,2,69
1158,325,8,59
1494,158,10,63
2442,144,9,11
1707,273,10,60
3076,102,4,37
4817,430,10,32
2133,47,6,80
3881,249,5,86
1417,432,3,38
3519,248,7,1
1858,177,9,64
88,26,2,88
1580,468,10,54
2531,243,1,55
2597,356,6,33
2466,256,6,88
651,298,8,86
136,449,4,74
3557,500,5,2
3887,372,3,99
4068,422,2,56
3517,169,1,53
18,441,10,1
753,410,1,23
4455,319,4,83
4214,18,2,51
1339,202,1,27
470,129,4,71
2263,416,1,81
3570,470,10,68
2301,20,5,79
4032,126,4,21
1600,35,8,34
877,354,7,94
2776,132,3,90
4618,37,9,96
4131,218,8,25
2267,406,7,85
4475,369,9,84
881,428,9,31
3628,312,8,79
1271,311,5,75
4743,226,10,1
1340,146,4,36
4893,472,4,68
1686,105,5,63
4049,217,8,22
2393,295,1,16
2636,271,3,77
4516,311,2,75
3505,408,6,8
2574,46,9,26
1457,348,3,59
730,341,4,2
3527,237,8,28
786,117,10,18
370,414,2,6
2217,420,7,14
4212,437,1,67
230,305,2,83
3832,245,5,61
95,253,3,11
3422,61,3,8
3787,350,3,100
2955,313,10,8
245,108,6,7
1989,67,2,27
2208,153,4,16
4832,344,1,69
1729,238,8,12
1746,9,4,74
2472,93,2,18
1715,240,3,47
2973,470,2,68
4479,439,6,14
2663,453,5,5
2176,90,1,3
3517,136,4,99
537,298,7,86
4792,239,4,96
4325,218,3,25
3782,324,5,84
921,116,8,61
3548,243,9,55
642,490,6,44
4344,130,3,66
3522,292,1,6
4912,482,2,64
4625,305,2,83
3834,368,3,15
1853,232,5,33
179,42,10,66
2352,354,5,94
4629,165,1,1
3816,306,6,27
2795,136,5,99
4203,55,6,70
1176,36,7,65
1333,132,3,90
1476,29,9,65
3408,2,9,7
3703,428,1,31
1717,278,9,93
1540,183,8,59
2403,78,3,5
2607,31,8,10
3676,403,4,77
1430,198,8,15
4865,122,7,33
297,147,10,100
2968,201,4,87
4969,15,3,40
1824,250,5,63
1105,282,7,65
2099,497,2,75
4028,16,9,13
900,110,8,8
644,165,9,1
4065,39,3,14
2497,107,2,93
2045,125,5,14
3947,115,10,9
4682,482,10,64
3571,167,3,6
1972,152,7,11
1128,184,10,12
96,193,5,99
165,88,1,48
613,129,7,71
667,262,3,31
3027,499,9,38
3824,332,2,30
3183,23,7,51
2639,154,8,4
3409,334,2,75
4753,157,3,52
3455,303,10,45
799,340,7,62
2324,175,2,83
2109,86,9,81
1651,488,1,31
4256,355,2,53
1259,244,3,98
3466,158,5,63
2931,471,4,49
3763,107,6,93
1314,274,4,1
2235,388,7,79
2402,87,3,58
4745,145,1,75
2853,386,8,23
1631,203,4,15
2292,470,2,68
3938,409,10,26
1623,436,4,81
679,385,3,40
856,29,4,65
1890,221,9,38
1945,312,10,79
2995,139,7,71
2860,194,9,51
3090,2,6,7
3629,169,4,53
4937,278,9,93
3544,271,10,77
16,203,2,15
3594,71,2,48
1969,125,10,14
1235,154,7,4
1939,50,3,46
3706,181,5,77
3439,336,4,62
1611,292,5,6
2326,390,7,85
2222,156,10,34
2325,490,5,44
3369,11,5,65
2886,168,5,6
42,84,6,39
1085,341,1,2
4514,425,8,33
3099,302,2,62
3884,241,2,20
3440,229,5,13
144,359,7,47
1025,370,10,76
3768,385,5,40
2422,483,8,61
3063,251,1,5
1593,421,5,55
760,281,7,96
4475,499,8,38
941,46,1,26
2689,251,6,5
1279,350,9,100
3602,453,5,5
585,102,8,37
4867,379,8,51
3731,415,4,7
4985,206,2,68
1316,60,4,43
2717,308,7,8
1641,232,6,33
1273,73,9,40
4853,78,8,5
1421,171,1,53
1956,218,4,25
3896,134,7,1
4743,16,7,13
4600,393,3,3
4271,382,1,22
1685,331,8,46
1622,473,1,27
2423,5,8,81
34,368,9,15
343,335,4,76
4432,205,8,44
4613,258,10,86
3858,418,10,15
1146,382,5,22
1631,9,8,74
3769,146,5,36
4456,441,9,1
1704,357,2,29
514,107,3,93
3435,438,5,51
3627,380,10,42
1312,74,9,28
2604,240,1,47
2542,83,7,97
512,192,10,35
3918,63,9,26
461,45,2,86
1226,288,10,4
4519,125,1,14
4974,49,10,99
1565,343,1,79
1612,359,7,47
4977,404,9,29
3702,186,1,36
3344,31,9,10
4083,49,2,99
917,300,6,11
2640,35,8,34
2259,385,4,40
1464,348,8,59
635,66,3,77
513,108,8,7
509,55,2,70
4034,292,10,6
1639,310,3,30
1648,197,3,55
4418,399,6,66
3317,91,6,24
526,460,7,8
2086,294,8,57
801,227,5,68
2662,495,1,25
2758,326,6,88
2167,447,9,27
694,190,9,83
381,58,6,13
486,347,4,27
3867,246,10,32
3546,296,3,12
3838,312,3,79
1591,131,5,87
4076,303,2,45
2510,385,6,40
1036,112,4,25
274,283,6,46
3547,466,4,51
800,131,6,87
2780,13,9,99
169,259,9,15
2393,161,9,42
2645,402,3,63
139,282,5,65
865,313,1,8
2232,132,10,90
1509,198,1,15
4644,329,1,100
1116,49,5,99
3548,124,10,1
4805,341,6,2
393,128,10,83
3093,98,7,24
2689,32,7,27
1389,403,2,77
1925,246,9,32
1196,185,1,38
3554,152,6,11
538,490,6,44
2554,392,5,32
2345,332,7,30
572,86,10,81
2799,386,7,23
877,485,8,61
116,303,8,45
2141,307,9,14
3998,382,9,22
1547,120,6,23
323,171,4,53
1268,122,4,33
171,201,10,87
3943,53,5,100
453,378,7,37
1437,352,1,77
3928,497,5,75
1915,476,5,29
2899,40,3,4
3505,226,3,1
3827,374,1,50
4783,105,7,63
1253,280,9,86
2001,193,7,99
3523,327,8,58
3034,186,10,36
3626,207,7,26
3710,264,7,21
467,46,4,26
2179,306,10,27
1385,163,10,17
1190,176,7,100
3886,434,3,100
892,202,4,27
4236,335,5,76
3109,183,8,59
1441,3,1,85
891,495,3,25
4772,432,5,38
1293,434,9,100
3759,73,2,40
157,70,6,63
4327,187,3,81
4083,170,4,70
1870,153,4,16
96,9,7,74
3390,442,6,57
672,452,10,55
1959,129,2,71
2620,472,3,68
1563,430,9,32
217,472,9,68
2451,15,3,40
3383,468,4,54
2215,210,1,15
3420,94,6,77
4674,226,4,1
339,456,3,42
1184,127,6,50
1127,423,5,57
206,13,3,99
1725,152,8,11
185,55,10,70
3175,88,2,48
1108,273,3,60
3100,383,10,49
4148,448,2,18
1114,41,1,20
4235,258,4,86
4251,213,4,85
3850,26,5,88
1249,20,6,79
1710,42,1,66
4852,147,7,100
1843,17,5,93
766,126,9,21
2988,194,10,51
2355,25,7,43
4200,402,8,63
3814,306,4,27
4135,486,1,30
1683,181,8,77
4997,428,4,31
2779,305,5,83
4586,444,5,43
2624,417,3,72
4780,143,8,95
2769,67,2,27
2468,97,6,65
1689,438,7,51
3900,374,6,50
762,151,4,21
1402,248,10,1
2800,108,7,7
1560,342,3,46
704,92,6,75
1801,111,8,18
4680,251,8,5
1260,23,10,51
399,11,2,65
3793,436,7,81
3059,268,8,72
1370,422,2,56
2253,48,6,13
3638,297,8,44
3519,194,6,51
2666,124,4,1
2000,482,5,64
2673,357,9,29
724,492,7,82
3447,455,7,42
2306,494,4,69
1348,220,6,75
2499,403,5,77
1182,339,5,44
3499,85,2,43
4467,234,6,30
3813,465,10,38
2745,236,4,26
2091,329,3,100
3638,120,10,23
4095,404,6,29
2826,203,8,15
706,394,7,18
3251,274,4,1
3358,242,3,93
2803,103,6,94
2670,474,4,20
2289,417,3,72
2292,286,1,66
4017,447,3,27
1209,19,7,47
680,57,3,70
4430,209,6,52
3152,79,2,88
3741,227,6,68
2221,203,9,15
2095,107,7,93
3585,23,5,51
3613,126,3,21
2265,386,9,23
2318,344,1,69
3704,44,3,28
1985,267,10,84
3354,484,1,54
105,146,2,36
2161,81,2,5
4325,400,9,98
3770,40,4,4
740,196,3,34
1459,5,10,81
1687,199,8,12
1796,127,3,50
2065,311,3,75
661,248,9,1
2323,423,7,57
4270,360,4,4
2100,126,6,21
2596,491,5,60
4749,497,10,75
1984,421,1,55
810,285,8,18
4166,278,9,93
4459,408,1,8
1843,324,9,84
3327,398,7,90
688,13,4,99
684,148,2,26
685,414,6,6
154,170,3,70
579,252,10,19
4353,402,2,63
665,72,3,38
3143,443,10,37
4437,437,8,67
894,146,4,36
2084,292,6,6
4048,443,1,37
491,335,3,76
309,214,3,89
3083,39,10,14
2063,198,9,15
2452,484,10,54
3336,14,10,47
3401,118,2,34
196,426,6,91
961,359,5,47
2457,241,1,20
3477,474,5,20
318,283,3,46
4504,25,4,43
1024,227,4,68
17,401,4,11
3321,243,3,55
4280,31,8,10
2505,162,2,21
2974,94,10,77
1892,3,7,85
3158,245,7,61
3775,468,4,54
691,444,9,43
996,456,5,42
3165,93,1,18
4368,466,9,51
3516,284,1,38
1033,381,2,31
467,435,5,34
4263,10,4,79
136,98,8,24
4916,169,7,53
272,193,2,99
3856,139,6,71
579,399,4,66
236,123,6,86
4082,124,6,1
4819,54,5,31
2571,65,7,77
851,349,1,77
467,321,10,44
433,318,5,100
3951,467,5,81
2112,18,2,51
3115,277,4,55
4156,240,8,47
1953,231,1,25
74,408,5,8
2186,497,3,75
471,193,2,99
3253,430,4,32
3847,254,10,67
2526,107,9,93
2289,338,4,11
3546,156,3,34
3752,332,1,30
1074,171,10,53
3511,430,9,32
3030,386,5,23
802,44,1,28
4462,241,3,20
2517,444,10,43
4904,301,3,28
4586,196,10,34
3515,495,6,25
632,107,3,93
2437,35,5,34
1885,174,2,80
1223,418,4,15
132,234,1,30
2900,88,8,48
4698,157,8,52
1911,439,6,14
2741,100,8,100
1637,52,1,1
2374,395,6,35
2498,160,10,87
4845,141,10,100
1364,233,8,85
4571,324,5,84
4825,497,3,75
2233,317,1,82
373,386,9,23
813,45,8,86
964,397,5,74
384,303,6,45
768,186,5,36
10,406,10,85
2671,171,1,53
3712,246,9,32
276,425,2,33
4604,498,2,24
4483,283,7,46
1463,335,9,76
3432,188,10,89
2013,141,4,100
1097,228,8,28
859,166,9,73
1005,72,8,38
951,444,7,43
3553,264,1,21
2351,482,1,64
1241,496,1,54
798,289,7,8
1704,471,2,49
1171,305,7,83
3429,244,5,98
308,450,9,40
15,433,3,84
374,298,5,86
2430,494,7,69
496,80,3,76
368,212,3,94
2371,390,3,85
241,143,2,95
4106,21,9,63
948,162,9,21
125,150,10,74
2567,70,1,63
1095,22,3,12
4759,235,6,95
3761,342,6,46
4993,378,7,37
4100,360,3,4
3676,234,5,30
1311,320,5,36
3726,450,8,40
4098,183,1,59
933,466,4,51
2132,64,1,79
2952,122,8,33
1934,105,8,63
586,330,7,14
3135,323,10,36
3621,232,7,33
2787,393,4,3
402,58,8,13
3494,452,1,55
4554,269,8,44
1253,202,9,27
2864,465,1,38
1100,82,9,100
1866,110,9,8
3756,343,5,79
1524,468,2,54
482,224,8,11
77,372,7,99
3570,98,8,24
3906,255,9,64
1071,264,3,21
3796,169,2,53
3514,193,2,99
3183,312,4,79
2333,147,4,100
985,88,3,48
4598,358,2,88
2727,273,7,60
706,94,2,77
420,500,7,2
1276,298,4,86
3851,104,8,47
4103,237,6,28
1377,325,2,59
1430,189,3,92
3136,30,8,68
2585,441,8,1
1230,40,2,4
2315,137,7,72
2235,492,4,82
4074,301,1,28
2520,261,10,4
3511,253,3,11
3743,471,4,49
1427,437,4,67
3766,334,10,75
4691,122,6,33
1696,330,7,14
2400,72,9,38
2669,215,9,7
1769,163,2,17
3018,182,9,18
2648,44,1,28
2819,409,2,26
1415,378,8,37
4411,46,5,26
3832,491,10,60
2688,357,3,29
582,496,2,54
2286,221,5,38
2307,346,2,48
4752,215,1,7
760,451,10,98
1689,193,7,99
1048,397,1,74
3988,172,9,79
187,371,4,75
1933,307,6,14
3848,451,10,98
302,184,2,12
2237,366,6,68
1332,477,6,71
3795,499,5,38
3492,340,10,62
4004,417,3,72
882,247,6,65
2782,249,4,86
2820,468,1,54
2962,495,4,25
977,366,4,68
2435,296,7,12
4838,197,6,55
1155,426,4,91
3216,95,10,92
3901,439,6,14
4192,232,5,33
2619,461,2,44
1558,132,1,90
2486,239,3,96
1907,167,8,6
4576,269,5,44
3975,5,4,81
2831,483,7,61
108,464,4,29
4504,344,6,69
2672,487,10,47
3460,248,2,1
109,255,10,64
2505,400,10,98
3079,334,4,75
4561,117,4,18
442,32,10,27
2450,463,7,27
4860,272,2,50
1797,244,8,98
4400,187,2,81
1650,263,3,39
2323,142,9,24
266,35,4,34
1401,230,8,42
2196,480,1,42
403,399,7,66
1566,445,10,75
707,174,5,80
4428,269,6,44
2504,20,7,79
3209,116,9,61
4806,153,4,16
2193,167,8,6
4508,428,7,31
2084,164,9,5
2893,414,1,6
3744,38,9,62
3660,478,9,2
2482,18,8,51
2412,318,6,100
4139,44,8,28
4031,348,4,59
4949,451,6,98
1049,136,4,99
3043,417,5,72
2545,389,7,69
4392,53,1,100
2534,309,10,81
1440,136,4,99
2436,143,10,95
4645,111,5,18
195,78,5,5
4971,222,5,54
2272,111,3,18
1707,301,4,28
1784,355,5,53
557,400,7,98
225,407,5,52
709,123,2,86
2424,289,6,8
855,185,4,38
1014,240,7,47
3329,360,9,4
1011,100,3,100
2718,467,3,81
1362,205,1,44
1004,304,7,99
2722,91,6,24
1178,211,7,13
1011,255,5,64
1543,247,3,65
3390,417,9,72
362,60,3,43
4999,305,4,83
345,8,2,73
2131,21,6,63
4087,231,7,25
3854,500,6,2
1585,380,3,42
3862,97,7,65
4659,389,3,69
35,41,1,20
5,348,1,59
1694,277,3,55
4308,364,7,86
3459,367,3,13
2148,7,7,4
1823,171,6,53
2,208,4,11
1320,285,9,18
3724,114,4,15
1098,387,10,50
506,490,6,44
4086,480,9,42
3041,367,10,13
4728,73,3,40
3037,393,4,3
4388,66,7,77
1796,448,5,18
3127,190,7,83
457,360,1,4
510,32,5,27
3123,381,7,31
4884,421,3,55
2139,381,8,31
2591,210,5,15
2747,348,5,59
2959,102,5,37
1159,445,1,75
228,45,5,86
1143,181,1,77
1877,366,5,68
2934,359,2,47
3003,481,9,82
4243,411,1,45
191,295,9,16
3681,479,6,79
754,165,7,1
3170,100,10,100
4408,66,5,77
766,366,2,68
3851,464,9,29
4416,491,2,60
588,315,4,88
2551,375,3,57
3085,446,3,9
4653,208,7,11
2316,40,8,4
3291,229,10,13
1893,273,9,60
2679,205,1,44
1679,139,1,71
3419,409,5,26
915,314,5,52
1298,440,5,14
3075,466,10,51
4954,396,5,54
3169,75,3,86
15,31,2,10
4346,281,8,96
3689,205,5,44
846,463,2,27
662,81,8,5
2880,151,8,21
4205,413,1,70
4912,360,8,4
2098,256,6,88
2937,249,6,86
