1555,82,3,66
4206,329,4,91
4634,1,6,54
4202,187,2,93
905,397,3,6
2077,394,10,97
3500,186,5,55
1526,173,6,12
4647,113,8,59
2766,321,1,19
4961,372,10,73
3169,303,9,66
4349,298,7,85
4383,64,2,24
804,88,5,68
1228,39,4,7
4266,96,6,38
2621,475,5,23
32,491,1,66
1833,74,10,84
963,374,3,29
1224,375,1,64
1117,322,8,77
4517,449,2,57
3412,351,6,50
4927,183,2,67
4928,350,6,58
45,393,3,51
3473,465,10,85
2987,108,6,7
2405,465,8,85
582,193,2,85
1336,416,8,88
2831,283,2,42
4372,84,1,86
4597,180,6,79
2414,260,5,99
1980,410,1,43
1933,225,4,8
870,35,6,77
3308,18,2,95
3234,360,10,12
241,5,8,45
4568,225,10,8
1029,479,6,49
427,245,1,29
4583,487,2,15
3557,497,4,52
862,378,3,10
4121,266,5,38
3383,1,1,54
2272,372,3,73
1465,353,7,68
3695,494,1,16
2783,92,10,37
4960,101,8,86
1895,466,5,81
3004,83,1,59
2944,52,4,39
1154,369,9,36
4336,135,2,71
1211,320,8,62
852,453,8,21
68,300,8,41
1385,69,9,47
1656,107,6,19
3238,60,7,77
1284,119,2,100
3763,289,9,41
1085,406,9,96
1734,130,10,30
2679,60,2,77
3835,342,3,74
1042,131,6,20
4488,362,7,98
1486,281,8,38
4379,243,7,95
3995,171,3,67
2912,120,7,82
1747,104,10,37
1883,105,7,48
2115,169,8,11
1180,194,4,13
4154,211,7,13
956,242,1,56
1117,172,6,66
2910,87,5,57
2883,416,8,88
1450,93,8,71
59,81,4,22
2821,195,10,82
3405,220,6,48
1772,37,2,28
3679,2,8,94
2495,217,2,89
4685,339,7,52
4458,345,1,56
702,369,6,36
3725,153,8,23
316,116,7,15
4315,218,4,37
780,189,1,40
3186,413,5,40
4375,418,6,19
2745,208,6,55
1874,236,8,64
2850,276,10,91
4040,283,9,42
2154,175,2,94
3924,85,6,7
3668,22,8,58
3474,324,1,80
1166,94,7,24
2031,60,6,77
2339,462,7,4
4306,386,1,22
3375,434,9,61
279,489,7,65
4743,10,9,60
2578,240,6,45
1977,469,6,76
1695,435,1,91
3443,169,7,11
4144,111,3,80
3815,454,4,54
3849,122,2,67
4842,228,6,25
828,220,7,48
814,145,9,55
4892,116,3,15
52,323,6,98
527,357,10,63
4553,460,9,24
3325,28,5,43
4335,467,8,83
1048,339,8,52
2345,417,4,33
4717,41,5,76
2355,389,9,18
4256,298,2,85
3152,187,2,93
3186,23,6,100
3070,246,9,83
4670,42,5,78
4514,404,10,49
4266,407,7,59
4929,265,9,81
1717,446,8,53
4384,257,6,97
730,366,5,16
349,102,3,73
4745,173,5,12
2977,333,3,55
2156,443,6,92
14,28,1,43
4593,310,3,23
4118,248,10,85
30,301,5,82
4939,3,2,42
2951,41,5,76
1305,360,5,12
4455,62,4,2
2030,498,2,84
4,399,10,98
394,251,2,50
4732,301,5,82
2630,200,7,80
2983,189,2,40
943,335,10,93
3144,452,1,21
4967,26,6,9
3420,15,2,31
1896,123,7,69
1450,6,10,45
1587,427,2,33
4818,208,9,55
3915,247,5,42
1488,350,7,58
3104,471,1,2
4773,91,10,66
3097,470,8,56
2224,50,8,85
941,431,2,78
3107,265,4,81
2565,145,6,55
2647,182,4,59
1450,38,9,62
1683,152,7,34
3501,376,2,35
626,91,2,66
3164,314,6,32
728,176,9,48
3744,382,8,33
3330,9,3,2
1097,170,3,68
332,369,3,36
3931,270,8,86
3149,315,5,28
894,71,6,82
32,366,3,16
752,88,1,68
558,407,10,59
3171,179,5,3
4648,442,2,44
4301,258,9,9
4382,245,3,29
583,270,5,86
603,432,9,77
3310,371,8,39
2348,429,4,80
1246,372,5,73
1328,117,8,99
1919,267,7,54
2175,181,10,32
3963,484,3,93
341,385,1,79
289,150,10,34
3116,169,6,11
588,382,5,33
1387,446,2,53
4808,302,2,2
2106,319,3,98
921,404,1,49
1092,499,5,56
3430,344,1,58
2666,110,2,36
2913,215,5,79
4381,457,3,65
3374,94,2,24
3500,7,7,100
2777,353,1,68
1278,177,10,1
3272,231,5,89
956,163,8,8
33,220,4,48
1574,170,4,68
3436,78,5,68
299,188,6,32
182,214,3,71
2157,69,6,47
4774,25,10,45
1946,448,7,77
2934,196,10,97
834,43,8,21
1550,414,9,37
2497,368,10,36
531,1,1,54
3659,426,5,100
4498,198,7,4
3230,38,8,62
407,131,9,20
891,456,2,37
4114,334,9,19
3808,249,10,58
4167,441,7,67
343,333,6,55
2367,432,2,77
562,14,2,85
2664,449,8,57
2809,108,5,7
4024,139,8,44
4797,440,1,40
1188,269,9,24
334,327,9,25
2369,77,4,23
414,452,2,21
855,121,8,41
1740,216,8,22
3553,221,9,85
318,172,7,66
3819,484,8,93
235,439,10,80
2200,436,10,80
4111,155,8,99
1995,295,5,72
3485,397,3,6
2866,404,5,49
2940,191,9,63
4384,71,4,82
1185,87,3,57
2156,480,10,51
4649,194,2,13
1590,459,1,83
2801,473,2,56
3889,276,3,91
1698,361,4,4
3530,158,2,29
2476,86,10,59
1824,384,1,17
15,135,1,71
2475,240,3,45
4919,94,1,24
2901,141,6,50
4372,119,2,100
4738,380,8,10
4444,246,5,83
2545,209,1,31
1511,366,5,16
1592,194,5,13
3381,71,1,82
4625,116,3,15
2609,372,8,73
1306,95,4,49
2883,11,2,67
391,388,10,37
4079,409,3,9
1228,181,4,32
1847,17,2,63
3439,337,1,4
1514,273,9,32
2263,242,3,56
2042,228,5,25
1858,357,6,63
1827,65,9,88
4063,309,7,19
2241,414,4,37
3984,91,8,66
1250,281,6,38
2974,79,8,96
4481,215,8,79
1284,292,7,49
3645,434,7,61
3559,60,8,77
3768,46,2,88
753,108,4,7
3301,491,5,66
521,438,6,42
3404,231,6,89
836,295,1,72
651,381,3,53
2512,360,8,12
2454,389,2,18
3390,394,5,97
290,457,3,65
3993,412,3,77
1671,95,3,49
3415,481,9,28
3397,296,9,24
4538,182,2,59
427,57,6,100
1873,364,9,55
2761,318,2,87
387,361,4,4
348,405,6,30
3760,151,9,76
173,383,7,54
4606,277,2,95
573,263,3,15
2690,292,5,49
3062,378,4,10
1942,491,9,66
4072,362,2,98
2912,346,10,31
4735,55,8,19
3431,297,1,51
1042,325,10,83
1912,123,2,69
4156,228,2,25
4370,78,9,68
4458,75,8,11
2957,239,9,18
2375,289,4,41
3091,61,2,94
2529,432,10,77
3556,269,2,24
1523,298,3,85
2490,218,1,37
2300,421,9,97
3909,284,4,1
4006,94,10,24
4466,410,5,43
1254,78,6,68
1780,370,6,19
4060,270,3,86
4401,81,1,22
3449,106,8,45
946,457,2,65
2758,331,3,67
2221,338,4,52
1491,243,1,95
4684,431,4,78
4760,342,3,74
2399,451,7,87
3173,93,6,71
3479,104,6,37
3297,470,2,56
2335,99,2,58
4424,178,10,24
989,123,7,69
3725,403,9,43
3276,356,7,4
3489,37,1,28
4032,37,4,28
3990,141,5,50
918,62,10,2
2628,140,4,40
1033,155,7,99
2314,12,9,71
1626,410,9,43
4086,419,2,78
4341,112,3,85
765,85,2,7
1777,330,1,65
234,487,6,15
332,99,10,58
4238,198,1,4
3381,237,10,1
1774,115,7,92
4597,275,10,82
2887,403,7,43
529,342,10,74
1550,319,3,98
4979,19,9,54
2398,400,7,83
1109,234,8,44
1950,39,4,7
4917,129,3,83
1560,486,4,98
2843,443,8,92
1886,107,6,19
3366,208,9,55
1988,475,3,23
2697,193,1,85
3951,297,2,51
1266,158,4,29
3829,287,7,71
355,264,7,2
3051,38,2,62
3848,461,2,73
4753,78,6,68
3780,132,3,15
3144,427,4,33
2337,370,7,19
863,471,7,2
833,396,5,91
461,353,8,68
3340,391,8,87
2117,190,5,11
2715,394,10,97
1574,409,5,9
1413,49,5,2
351,29,3,26
487,292,3,49
1187,478,6,35
3001,202,7,100
4626,305,4,28
459,469,7,76
1286,344,4,58
1799,102,7,73
16,429,5,80
4199,267,7,54
1321,109,3,31
1166,242,9,56
4838,85,9,7
4142,180,10,79
2494,411,3,48
1198,441,9,67
1304,66,10,4
3864,229,3,22
1720,30,4,74
2637,215,5,79
2958,288,3,11
2149,67,9,26
2296,416,3,88
2159,88,5,68
2335,173,7,12
1232,57,4,100
3467,76,7,6
2618,254,2,72
4644,269,5,24
918,467,5,83
4686,107,2,19
245,108,8,7
3951,479,6,49
2554,156,8,35
1532,422,7,88
1203,410,6,43
3114,400,6,83
2766,215,8,79
408,172,8,66
3921,214,8,71
4652,50,2,85
4840,188,4,32
3436,235,8,84
1136,192,5,82
757,452,4,21
3062,150,10,34
2874,211,7,13
3904,171,2,67
2882,265,4,81
912,122,9,67
1769,152,1,34
4747,412,2,77
3516,15,2,31
4281,435,9,91
4256,26,6,9
1587,252,7,25
4210,295,8,72
625,361,6,4
662,131,5,20
3512,283,6,42
375,287,3,71
4098,309,9,19
4835,289,4,41
3409,459,4,83
3518,359,3,78
3654,206,4,84
1303,48,4,19
685,68,6,65
3040,429,7,80
4473,225,9,8
3905,215,6,79
3517,233,6,72
4744,280,6,47
1416,187,2,93
4459,119,10,100
849,388,7,37
1118,285,8,6
1190,383,4,54
4265,322,6,77
1373,499,9,56
680,365,1,31
2119,488,8,29
169,471,6,2
4448,298,1,85
4974,250,5,35
3243,181,5,32
476,186,8,55
3472,61,6,94
1836,73,1,95
3264,369,3,36
4084,175,4,94
1075,291,8,43
4305,485,5,80
3413,371,8,39
135,15,1,31
3021,211,3,13
2926,203,10,91
1823,178,5,24
840,111,3,80
939,76,2,6
3890,169,3,11
594,206,5,84
3348,358,4,100
2049,95,9,49
74,181,1,32
2885,166,2,31
346,474,2,96
4918,476,8,69
917,294,1,74
3250,298,7,85
4189,394,10,97
937,173,10,12
1973,155,2,99
177,361,10,4
4773,16,10,17
4046,67,2,26
3730,42,2,78
2712,273,10,32
2050,326,5,22
1074,332,3,34
1536,35,6,77
810,99,1,58
24,311,5,67
4520,58,4,88
4528,414,9,37
985,330,2,65
4310,117,5,99
2422,214,4,71
3411,361,3,4
1465,40,4,27
2569,129,9,83
537,341,4,76
1267,227,1,3
395,99,6,58
3311,99,7,58
3097,221,4,85
3163,95,9,49
154,138,6,6
4446,311,5,67
3177,413,4,40
2719,222,10,40
2165,84,1,86
3571,333,1,55
582,133,3,29
102,485,8,80
4650,135,8,71
103,426,9,100
3818,208,10,55
4363,330,4,65
1860,398,3,42
3965,40,5,27
2934,187,2,93
1266,436,5,80
1025,153,3,23
3854,185,8,28
3673,312,9,83
239,142,1,76
2187,141,4,50
1814,47,2,70
48,94,4,24
66,258,9,9
4536,96,8,38
4032,451,1,87
1250,56,10,29
4007,296,2,24
3456,283,6,42
2524,284,5,1
3880,301,7,82
2833,227,7,3
2555,280,3,47
314,315,6,28
1591,134,3,79
1854,410,2,43
3644,252,3,25
3703,478,1,35
1747,339,7,52
1166,196,9,97
1663,364,10,55
1685,23,10,100
1904,60,4,77
1372,474,10,96
2530,364,2,55
4128,387,2,24
175,424,10,50
4375,226,2,98
1443,237,4,1
851,475,6,23
3059,129,1,83
1850,62,8,2
1662,57,8,100
1785,146,2,18
3670,426,5,100
1583,30,8,74
4225,366,8,16
4752,448,5,77
4748,206,3,84
4073,127,5,75
86,279,7,5
4840,180,5,79
3706,278,4,79
3184,165,9,28
3652,406,7,96
1099,378,6,10
660,53,5,22
240,96,3,38
1147,74,6,84
3565,425,5,19
209,448,9,77
3874,328,7,58
3410,50,1,85
4938,4,8,46
1252,13,4,40
3067,111,9,80
1087,453,10,21
1152,383,3,54
2937,391,10,87
2882,24,6,20
4155,460,10,24
3210,457,5,65
2162,244,1,35
3117,33,8,1
303,425,2,19
4436,352,1,87
1268,207,4,94
757,409,6,9
2135,414,9,37
2302,486,7,98
961,168,9,40
2287,17,10,63
3329,266,1,38
4391,67,9,26
228,265,6,81
2539,381,1,53
1042,342,6,74
1371,228,10,25
3308,312,8,83
1575,452,9,21
2933,264,10,2
2584,102,3,73
3118,275,6,82
845,1,9,54
4449,492,5,100
2611,456,2,37
586,269,2,24
1443,68,7,65
3903,414,4,37
2033,492,6,100
1001,74,10,84
4401,129,4,83
2869,123,3,69
2247,305,5,28
2498,306,5,93
2132,40,6,27
1098,190,2,11
4515,451,7,87
4159,104,2,37
2296,87,4,57
4445,264,5,2
44,226,4,98
4159,317,4,62
4540,400,1,83
4237,489,4,65
141,381,4,53
3569,284,10,1
119,475,2,23
3191,130,9,30
1064,164,5,21
3387,52,9,39
1512,489,3,65
312,327,9,25
1990,206,6,84
4653,73,6,95
2940,490,3,63
4031,5,8,45
3667,481,10,28
126,197,2,47
4216,130,4,30
757,186,6,55
2110,354,5,38
4075,299,7,50
333,102,10,73
4205,440,1,40
719,353,9,68
206,187,3,93
555,218,7,37
2026,84,8,86
3546,166,8,31
1090,441,10,67
573,195,3,82
634,156,9,35
1368,235,1,84
1784,95,1,49
4252,423,5,71
1717,440,4,40
1933,71,10,82
3134,198,2,4
4024,191,10,63
3105,400,9,83
373,350,8,58
4732,376,5,35
432,15,6,31
3093,2,1,94
785,111,6,80
2691,221,2,85
858,9,5,2
4400,307,7,97
4230,424,2,50
516,9,3,2
4606,100,6,73
1470,78,3,68
868,18,5,95
737,445,10,8
3660,408,5,78
4903,157,5,88
45,389,1,18
172,214,4,71
2374,247,7,42
380,426,2,100
500,269,5,24
2553,354,9,38
3328,395,3,40
1167,19,10,54
4117,247,3,42
1665,204,4,19
2611,151,5,76
2941,390,6,55
1749,339,10,52
2414,27,1,69
4648,141,9,50
2139,330,8,65
2303,48,3,19
3005,442,6,44
3610,395,9,40
715,434,10,61
1005,407,5,59
179,139,3,44
4484,201,9,29
136,165,8,28
1464,124,9,7
24,169,5,11
3809,270,9,86
3022,57,8,100
2312,90,6,70
698,277,4,95
4354,297,7,51
2863,237,2,1
1173,410,5,43
126,485,2,80
4425,172,10,66
2652,96,10,38
3542,4,2,46
937,52,7,39
2484,245,6,29
1817,427,9,33
4344,475,4,23
2935,358,3,100
589,231,3,89
1163,464,6,35
1991,419,3,78
4589,196,2,97
3062,280,1,47
4697,458,9,17
1584,364,7,55
4840,136,6,12
2105,232,8,49
4212,482,1,77
3264,69,10,47
1034,23,1,100
2205,321,9,19
2516,70,2,5
2622,334,8,19
1837,464,8,35
2981,245,1,29
2736,84,9,86
236,324,3,80
2591,273,7,32
3434,202,4,100
4506,203,6,91
3995,320,10,62
4522,298,1,85
496,437,9,6
4365,228,7,25
1964,116,6,15
4949,170,6,68
1454,167,7,17
189,393,3,51
1204,362,3,98
1004,301,10,82
2670,68,9,65
3961,333,4,55
1279,174,7,34
3832,299,4,50
2108,262,6,56
503,490,7,63
2182,391,2,87
4507,47,3,70
3339,394,3,97
1692,404,4,49
4684,329,7,91
2099,245,7,29
1906,486,1,98
862,124,3,7
2971,430,4,37
3281,87,5,57
2910,296,1,24
1545,242,10,56
372,191,4,63
1854,443,7,92
193,255,9,73
555,301,3,82
3236,287,3,71
1498,246,1,83
2319,236,9,64
3436,179,5,3
3378,395,1,40
3658,48,9,19
3201,203,7,91
1565,233,6,72
101,205,10,73
973,395,5,40
4778,220,2,48
1732,29,10,26
3499,288,10,11
234,495,7,83
174,481,10,28
3441,312,5,83
228,212,3,14
448,59,3,58
90,54,9,12
352,228,3,25
239,151,5,76
162,226,8,98
1655,181,5,32
2028,438,4,42
3891,207,8,94
1886,154,8,3
496,244,9,35
893,285,6,6
3782,355,5,36
3194,27,10,69
4818,336,2,44
3550,6,8,45
4522,410,5,43
564,57,7,100
1314,347,8,86
2405,159,4,7
564,243,10,95
4675,454,1,54
4258,115,3,92
4271,412,1,77
4807,112,2,85
1446,418,7,19
2029,198,1,4
2423,473,2,56
1773,81,4,22
3959,369,6,36
2689,187,8,93
1340,499,2,56
1487,92,8,37
3924,180,3,79
1892,271,5,12
4004,15,6,31
658,103,9,17
444,117,4,99
4767,292,9,49
1993,216,4,22
1611,235,9,84
4738,345,1,56
1567,368,10,36
4847,417,8,33
1708,248,8,85
24,31,7,31
2834,81,10,22
135,61,5,94
300,10,7,60
2018,274,9,83
4517,474,9,96
139,388,7,37
1813,79,3,96
2901,25,5,45
2740,365,4,31
3814,76,1,6
1071,254,5,72
3538,191,7,63
2035,31,4,31
2047,97,1,16
1107,149,5,57
2612,287,4,71
3577,322,4,77
434,59,5,58
602,91,8,66
3483,73,3,95
2268,466,9,81
1204,232,3,49
3748,78,7,68
3788,367,6,20
790,188,7,32
3169,278,5,79
4349,455,4,31
743,335,4,93
2263,344,7,58
1260,451,6,87
203,355,9,36
3491,125,2,29
2644,325,6,83
610,164,3,21
4443,22,9,58
4793,343,1,11
2612,404,5,49
2411,73,9,95
2690,231,8,89
1651,188,6,32
964,162,3,14
3430,402,3,42
16,88,8,68
2591,298,7,85
4920,62,10,2
3200,112,7,85
2710,245,5,29
1069,456,3,37
4849,335,8,93
1185,259,4,49
1633,156,3,35
993,340,5,68
405,358,7,100
2411,440,5,40
1736,463,4,37
1679,446,7,53
4233,61,3,94
3008,336,6,44
3751,70,9,5
4162,274,10,83
3644,397,4,6
4079,31,1,31
2695,342,4,74
3880,376,9,35
4485,270,3,86
3667,114,5,96
4013,275,2,82
4277,434,2,61
3092,205,10,73
2889,3,8,42
3583,175,1,94
1105,379,2,32
2061,22,2,58
4355,95,6,49
1678,274,6,83
2776,443,5,92
1464,20,8,27
301,319,2,98
3885,183,4,67
3045,468,2,58
2101,94,2,24
252,105,10,48
2800,200,5,80
3634,19,2,54
1101,444,3,78
2470,31,8,31
3913,365,7,31
1312,236,1,64
3676,255,5,73
2907,397,4,6
2429,38,4,62
3359,496,1,73
4866,142,6,76
2822,96,9,38
1379,383,7,54
1610,332,3,34
2480,151,8,76
4207,79,9,96
2949,409,4,9
3834,68,2,65
2407,470,5,56
704,265,7,81
1504,288,5,11
1844,279,6,5
660,237,1,1
1018,397,2,6
1037,324,4,80
1296,261,1,41
4567,104,6,37
1491,37,4,28
4587,437,6,6
664,119,4,100
2739,83,1,59
991,160,4,37
1852,483,3,2
1378,306,6,93
487,15,3,31
2401,480,2,51
3020,382,8,33
787,260,5,99
3090,30,8,74
2340,127,8,75
1201,99,10,58
3234,246,1,83
397,296,7,24
2786,114,7,96
205,5,4,45
197,246,6,83
1626,115,6,92
3352,418,2,19
4663,84,6,86
3859,496,3,73
2994,394,2,97
3845,492,8,100
4720,264,1,2
295,79,2,96
396,478,10,35
3381,186,4,55
2018,21,3,59
2244,358,1,100
4529,82,6,66
3062,303,7,66
2659,494,5,16
3058,166,4,31
4972,18,4,95
1462,188,5,32
4008,56,8,29
2853,11,2,67
4087,491,5,66
3935,99,9,58
973,9,9,2
301,299,4,50
2320,86,10,59
2073,389,5,18
689,215,5,79
47,487,1,15
2689,462,1,4
2434,498,3,84
1143,412,4,77
2870,209,2,31
4894,87,4,57
4124,9,5,2
632,275,7,82
222,212,8,14
490,18,3,95
1011,451,4,87
4,145,8,55
1566,143,1,92
3602,103,1,17
4490,408,9,78
3040,145,8,55
3697,92,2,37
3594,147,9,46
673,77,2,23
346,14,10,85
4192,468,4,58
3734,23,7,100
4734,157,2,88
3640,52,3,39
2511,184,4,1
4305,113,6,59
1885,357,1,63
3463,175,6,94
2921,260,3,99
2473,394,3,97
3949,79,3,96
2192,448,10,77
3034,353,9,68
1186,100,10,73
1504,380,6,10
1238,224,7,9
3440,213,7,70
3785,280,1,47
4310,55,9,19
4771,267,6,54
3886,126,9,49
4337,245,9,29
4295,443,5,92
2712,62,3,2
4598,87,6,57
2418,275,2,82
2996,325,6,83
4467,322,10,77
2169,296,1,24
1735,390,10,55
1217,65,1,88
4060,105,4,48
3086,314,4,32
605,169,3,11
2921,430,7,37
2993,123,7,69
2123,366,8,16
3888,276,3,91
3438,50,1,85
4184,98,9,80
2308,483,8,2
3050,272,2,70
1924,273,3,32
499,174,3,34
838,142,8,76
4493,259,4,49
4001,295,1,72
1590,73,4,95
1240,215,10,79
4815,212,6,14
4178,380,5,10
1108,231,7,89
3286,319,2,98
756,467,3,83
3437,136,2,12
296,387,8,24
2403,48,3,19
727,69,9,47
71,207,10,94
4216,38,6,62
849,205,4,73
4274,96,9,38
3762,266,4,38
3540,192,3,82
3135,314,7,32
3636,170,10,68
4469,269,9,24
2062,40,5,27
2231,169,7,11
178,341,8,76
4752,429,3,80
754,308,1,6
4609,396,10,91
998,222,6,40
3458,179,1,3
3405,219,5,74
4201,91,4,66
4284,451,5,87
1512,208,6,55
2930,140,9,40
3553,362,10,98
1059,416,2,88
4501,356,6,4
4407,188,3,32
3580,15,6,31
2064,25,6,45
2793,93,4,71
4592,344,7,58
4215,221,8,85
1037,323,7,98
1991,248,8,85
130,181,7,32
61,96,3,38
2104,484,3,93
2903,62,7,2
2920,445,8,8
3423,314,8,32
1856,433,8,27
1109,73,5,95
4979,392,8,79
85,49,8,2
2090,343,5,11
413,147,5,46
1626,411,3,48
1765,420,8,38
970,282,1,56
259,222,7,40
2626,109,4,31
1573,172,7,66
620,382,4,33
3155,238,3,11
2727,24,2,20
3464,338,2,52
321,204,9,19
4009,71,1,82
3273,334,7,19
530,181,7,32
391,474,2,96
3934,58,3,88
4835,485,8,80
3681,202,9,100
2313,163,8,8
4937,314,7,32
925,412,4,77
4337,454,4,54
222,326,10,22
381,41,8,76
3882,14,3,85
2779,205,8,73
1836,437,6,6
2117,230,10,19
4316,382,6,33
3210,305,8,28
3956,454,6,54
737,99,9,58
4692,265,3,81
874,442,6,44
617,446,7,53
4795,40,9,27
3718,296,7,24
3008,160,9,37
354,482,8,77
4091,306,9,93
2121,428,10,15
3311,19,2,54
3894,212,7,14
276,133,10,29
1613,208,2,55
4101,135,7,71
2887,134,9,79
2313,24,9,20
3510,39,6,7
1114,340,6,68
2751,306,10,93
1943,415,9,12
382,127,2,75
2665,489,9,65
206,183,4,67
864,76,2,6
855,370,7,19
2990,124,4,7
293,251,3,50
4193,152,1,34
4318,340,3,68
1090,271,8,12
3324,15,1,31
2625,86,3,59
3219,81,8,22
1735,118,5,8
3160,287,10,71
343,286,1,22
4686,166,1,31
2660,164,10,21
3288,243,4,95
3791,255,5,73
1556,366,9,16
3693,134,1,79
590,471,6,2
2321,454,6,54
1231,124,3,7
209,195,6,82
4962,94,10,24
2797,203,9,91
1165,340,8,68
4632,182,6,59
3378,404,6,49
2351,362,9,98
3215,498,7,84
4681,81,1,22
4949,26,5,9
51,471,9,2
2227,453,2,21
3132,370,2,19
639,128,3,36
4045,472,2,44
1924,364,2,55
2066,189,3,40
1022,257,6,97
3505,111,5,80
1605,100,3,73
3677,392,3,79
1626,97,7,16
2210,80,10,68
4412,280,7,47
638,29,1,26
2787,484,6,93
3801,394,7,97
3132,117,2,99
2939,402,10,42
2308,295,3,72
4475,430,6,37
4132,151,3,76
2178,290,9,74
3542,50,10,85
2384,486,4,98
820,66,4,4
3470,288,2,11
4022,437,3,6
2996,106,2,45
2438,288,5,11
292,148,10,4
2048,412,1,77
4371,317,5,62
481,119,1,100
1578,3,1,42
2324,498,10,84
3894,72,4,62
1722,90,7,70
4300,60,8,77
846,248,8,85
2357,427,4,33
4116,200,8,80
3283,173,3,12
3196,440,5,40
1552,482,6,77
1263,53,6,22
4282,68,3,65
3728,309,8,19
4446,182,10,59
3948,138,4,6
383,419,7,78
3397,391,1,87
3201,397,3,6
1895,280,5,47
2244,240,10,45
2133,397,1,6
3667,161,6,49
1342,288,9,11
169,46,3,88
3217,45,3,6
1490,53,2,22
3271,434,9,61
2824,296,10,24
4849,188,8,32
3684,270,10,86
654,349,2,7
875,311,6,67
491,382,1,33
4679,189,10,40
1524,3,1,42
605,195,5,82
4496,85,7,7
3288,437,4,6
1845,466,8,81
1802,100,4,73
754,124,8,7
1845,477,10,57
2856,223,1,11
4732,296,2,24
1657,19,8,54
4969,224,3,9
3745,443,3,92
4693,21,6,59
3436,198,5,4
2452,483,5,2
1116,241,6,89
467,360,5,12
2661,67,4,26
2661,61,10,94
8,274,9,83
3188,353,9,68
4932,292,10,49
4893,358,8,100
20,416,5,88
591,430,10,37
2574,230,10,19
297,184,6,1
3119,17,1,63
436,67,3,26
3942,12,6,71
427,87,3,57
2279,491,2,66
448,332,8,34
728,248,6,85
911,458,7,17
483,155,1,99
1696,357,7,63
3878,5,10,45
4173,195,3,82
3181,167,1,17
224,104,2,37
244,157,9,88
3543,203,6,91
2847,314,1,32
4512,41,4,76
4350,198,8,4
3889,385,9,79
1327,134,7,79
451,247,1,42
4529,152,6,34
1144,318,8,87
2142,224,6,9
2444,184,3,1
2622,186,8,55
1289,353,2,68
459,97,6,16
3479,198,4,4
3625,235,1,84
47,268,9,65
4277,149,2,57
1152,430,5,37
2889,347,9,86
200,450,4,59
4422,322,1,77
3115,157,2,88
4883,56,8,29
4493,42,8,78
492,298,5,85
176,373,1,28
3527,359,8,78
3412,169,6,11
2769,333,3,55
490,491,7,66
4931,148,6,4
3148,384,6,17
1978,249,2,58
652,450,3,59
3518,289,3,41
4693,93,3,71
3573,449,1,57
4360,269,10,24
36,329,7,91
1881,255,9,73
68,343,1,11
276,31,10,31
2256,334,8,19
939,198,8,4
2095,230,7,19
1466,460,4,24
1496,482,1,77
1858,392,3,79
647,456,9,37
931,364,7,55
25,237,5,1
786,314,6,32
2749,251,6,50
3585,339,10,52
3315,141,5,50
3503,248,2,85
3370,323,8,98
2679,323,6,98
335,13,9,40
2823,48,7,19
4448,224,10,9
1662,14,7,85
4884,26,4,9
2595,203,3,91
3326,118,8,8
998,44,3,20
3105,348,10,41
2922,344,9,58
2817,356,3,4
4741,202,4,100
4324,126,5,49
4315,185,5,28
1718,289,10,41
1688,102,9,73
3489,486,9,98
3445,473,9,56
4717,259,10,49
861,27,7,69
341,396,1,91
1789,336,3,44
4495,6,2,45
1346,145,3,55
2842,97,3,16
2099,400,4,83
2321,403,10,43
4437,469,8,76
2925,372,10,73
4225,296,7,24
858,162,9,14
1584,171,1,67
4595,305,5,28
4001,282,7,56
3383,441,9,67
799,313,7,41
1546,134,10,79
3018,15,4,31
4830,260,7,99
3721,404,10,49
4034,207,8,94
78,462,3,4
3303,311,10,67
112,202,4,100
724,490,5,63
19,191,7,63
1791,192,6,82
1373,218,8,37
882,224,3,9
2741,89,8,51
4831,231,3,89
1260,72,1,62
2206,300,9,41
2325,11,1,67
4219,271,7,12
1017,362,4,98
911,234,1,44
912,390,10,55
1405,189,10,40
1957,269,3,24
4645,32,2,44
1822,183,6,67
3480,319,6,98
808,254,6,72
4574,333,4,55
2126,76,6,6
3760,451,9,87
4163,119,3,100
1024,50,2,85
1386,288,8,11
3959,4,9,46
3337,413,4,40
2126,346,1,31
4316,388,8,37
3156,488,7,29
1531,144,2,33
1991,237,4,1
3493,114,8,96
1220,259,7,49
542,210,7,70
2322,494,8,16
790,384,7,17
2603,383,5,54
2379,27,10,69
2030,394,4,97
613,290,9,74
4925,451,8,87
2938,138,7,6
1837,214,7,71
2286,21,5,59
3693,334,3,19
427,93,4,71
1488,157,3,88
1715,217,5,89
127,167,8,17
105,418,4,19
2324,226,4,98
3330,159,10,7
2345,476,6,69
1460,345,8,56
796,490,8,63
3018,415,10,12
1469,8,1,17
4947,35,9,77
1456,325,5,83
1808,340,4,68
2875,397,4,6
4291,301,8,82
1539,411,2,48
3253,77,2,23
2425,266,9,38
8,243,2,95
4659,74,9,84
1812,401,1,34
2701,310,10,23
3910,340,3,68
784,187,3,93
4779,112,10,85
4697,290,5,74
715,181,10,32
2575,195,1,82
2160,98,4,80
2558,106,6,45
3868,110,6,36
2032,444,5,78
1276,349,6,7
4692,72,3,62
3490,41,2,76
3242,445,6,8
1953,17,5,63
2862,249,5,58
2896,188,2,32
105,390,4,55
2588,208,6,55
3708,78,4,68
1850,466,4,81
1893,224,5,9
647,167,10,17
2128,106,6,45
61,197,1,47
2307,26,9,9
4622,13,9,40
3690,53,10,22
3478,23,2,100
1665,145,10,55
1171,484,3,93
4271,221,10,85
2545,406,8,96
4914,202,2,100
3240,238,8,11
1885,317,9,62
2920,352,2,87
3481,259,4,49
2113,131,1,20
2282,245,8,29
556,280,5,47
4290,384,3,17
3260,463,1,37
1980,292,7,49
61,395,4,40
2836,112,5,85
2623,460,2,24
2242,105,6,48
4081,330,5,65
2642,303,7,66
892,198,9,4
2327,484,4,93
4051,135,6,71
4673,211,4,13
3707,238,8,11
2327,241,7,89
3323,156,9,35
3875,359,6,78
108,377,2,67
1091,321,4,19
4117,436,5,80
1393,79,1,96
4784,25,4,45
4959,332,10,34
544,395,1,40
3087,440,8,40
4403,336,3,44
899,203,4,91
4468,18,10,95
969,428,3,15
4880,57,9,100
1871,450,2,59
799,187,7,93
4603,494,2,16
4025,36,7,41
4720,398,9,42
3950,170,7,68
3877,276,3,91
3576,470,9,56
4873,170,4,68
1860,403,3,43
1853,241,2,89
1472,401,5,34
1467,464,10,35
545,225,3,8
263,489,8,65
4058,347,10,86
3317,128,8,36
978,138,8,6
2623,288,10,11
1893,122,5,67
3855,360,6,12
4303,65,5,88
23,8,4,17
893,224,3,9
1752,379,5,32
4430,377,5,67
1955,56,1,29
4758,157,7,88
4448,180,1,79
3419,263,6,15
1000,215,4,79
3782,317,5,62
705,214,5,71
1145,454,4,54
1909,269,8,24
1180,288,4,11
1759,414,3,37
2625,372,10,73
2242,345,4,56
745,169,3,11
3431,293,5,32
2589,49,4,2
3517,162,4,14
2978,71,6,82
1940,133,9,29
2625,105,4,48
747,356,1,4
2567,396,9,91
1381,491,1,66
4350,82,8,66
2427,172,2,66
547,248,10,85
3907,420,2,38
3251,287,3,71
4174,44,9,20
1424,373,5,28
3982,33,5,1
3217,17,6,63
3281,351,5,50
62,13,6,40
2392,112,10,85
738,255,3,73
381,252,9,25
4816,473,4,56
1362,212,6,14
86,438,7,42
4757,269,7,24
1572,206,2,84
2212,44,10,20
3363,272,8,70
838,359,7,78
789,252,6,25
2584,289,6,41
4976,26,1,9
142,433,1,27
4646,149,6,57
1126,463,7,37
3542,129,1,83
1258,190,10,11
758,171,3,67
419,103,3,17
4483,393,2,51
3403,124,8,7
2218,314,3,32
3435,116,5,15
4706,365,8,31
4170,367,10,20
828,305,2,28
2342,435,1,91
1755,346,6,31
1431,384,10,17
3702,321,10,19
4455,215,4,79
4940,151,4,76
4698,223,3,11
3067,495,1,83
2128,245,6,29
3842,411,8,48
2336,43,4,21
1395,415,5,12
3626,369,6,36
4840,458,1,17
1686,85,10,7
4896,422,2,88
633,156,4,35
2545,131,7,20
2099,251,1,50
4274,350,1,58
277,143,5,92
4724,387,9,24
3224,317,7,62
2219,30,3,74
4851,428,5,15
1068,23,1,100
1187,335,2,93
1232,236,6,64
2994,12,3,71
3330,243,8,95
4544,393,3,51
3437,266,1,38
3163,72,3,62
1042,134,8,79
1408,471,2,2
716,408,5,78
3080,341,7,76
1182,306,10,93
3,104,5,37
1761,257,5,97
2886,477,4,57
2161,429,5,80
3240,474,10,96
2453,266,5,38
3822,499,1,56
4314,223,6,11
1214,193,3,85
2878,29,2,26
4557,11,4,67
1732,276,2,91
570,166,10,31
2000,391,6,87
236,327,9,25
3352,282,9,56
4368,483,2,2
610,315,9,28
4874,298,4,85
4791,103,6,17
615,489,7,65
1023,339,9,52
3174,156,10,35
1287,65,6,88
3604,438,3,42
4383,333,5,55
4657,481,4,28
2168,431,6,78
368,145,1,55
3585,96,10,38
4737,263,10,15
4162,192,7,82
1685,370,3,19
2960,433,5,27
1641,243,2,95
2030,227,1,3
4211,471,1,2
2040,72,3,62
788,244,9,35
4808,134,10,79
1816,266,8,38
4923,80,8,68
4353,397,7,6
4477,204,2,19
1414,210,6,70
1724,439,7,80
2808,297,3,51
1893,59,7,58
2823,321,6,19
2167,64,2,24
3851,80,3,68
2767,67,7,26
2643,419,10,78
2787,43,8,21
313,192,10,82
2436,280,9,47
2945,221,7,85
4302,250,5,35
1125,350,7,58
1282,438,6,42
2387,325,2,83
1932,166,9,31
420,20,2,27
1135,250,4,35
3707,107,5,19
883,193,3,85
4019,436,9,80
2759,267,2,54
4715,429,10,80
4358,60,9,77
4495,303,1,66
3811,79,1,96
691,375,3,64
2164,462,3,4
3887,172,2,66
95,373,3,28
3019,1,3,54
2259,199,10,71
2301,243,1,95
4536,348,4,41
2048,371,10,39
3455,187,9,93
3059,47,1,70
2399,333,4,55
3499,69,3,47
1650,455,6,31
2672,112,4,85
925,211,4,13
4676,15,2,31
31,341,8,76
1010,274,5,83
4268,323,8,98
2645,491,10,66
3447,392,6,79
1901,155,7,99
359,259,8,49
2058,286,7,22
3222,335,8,93
2458,216,1,22
2078,487,2,15
2446,333,10,55
1923,231,7,89
4885,380,7,10
233,215,6,79
4113,406,8,96
3139,137,9,63
4285,45,8,6
4480,77,9,23
2373,146,4,18
3945,258,9,9
4607,351,4,50
1396,179,1,3
4455,233,8,72
4429,54,10,12
3972,11,7,67
2924,466,7,81
1947,181,5,32
2302,247,7,42
2951,401,2,34
3327,438,8,42
4120,429,9,80
844,223,6,11
2796,438,2,42
2714,265,6,81
810,496,5,73
1015,374,3,29
3122,38,8,62
2902,295,7,72
1142,2,8,94
4150,34,9,90
2018,410,9,43
2393,176,1,48
4663,38,1,62
1749,121,3,41
2712,31,2,31
1805,201,8,29
3046,285,1,6
4614,200,2,80
182,167,2,17
746,97,7,16
3352,242,3,56
410,330,4,65
4569,288,2,11
1509,155,9,99
3546,395,10,40
525,48,6,19
4388,179,4,3
1723,306,7,93
4727,409,3,9
2571,345,7,56
1129,150,1,34
3285,125,5,29
1458,37,1,28
3803,66,6,4
1231,390,1,55
544,218,9,37
2894,468,9,58
2967,43,4,21
437,105,8,48
2720,242,2,56
857,160,1,37
845,225,3,8
4525,371,1,39
3330,401,8,34
41,228,1,25
3670,373,7,28
4805,224,1,9
36,45,3,6
3663,321,6,19
864,67,10,26
3511,155,9,99
2210,69,9,47
2696,23,3,100
385,343,8,11
2240,211,8,13
1304,373,1,28
3802,429,9,80
4931,60,6,77
4254,168,5,40
3726,476,5,69
1995,385,8,79
1055,190,7,11
4732,327,10,25
3355,65,2,88
3029,152,8,34
4359,423,2,71
448,130,3,30
3010,128,6,36
4069,333,6,55
4396,392,2,79
3956,186,5,55
1714,205,3,73
2034,393,10,51
4833,450,1,59
2465,391,6,87
2270,388,6,37
834,20,3,27
1698,479,7,49
295,488,10,29
498,11,10,67
4728,390,5,55
149,306,8,93
155,29,6,26
1405,40,4,27
3737,217,1,89
75,462,9,4
4848,494,10,16
912,436,3,80
3286,307,9,97
827,132,3,15
1279,437,1,6
1538,350,6,58
1347,268,9,65
3620,420,1,38
1170,480,5,51
2062,169,5,11
3870,438,3,42
2700,195,2,82
2817,109,1,31
683,472,5,44
4139,105,4,48
786,84,9,86
1376,114,3,96
4544,271,9,12
1067,315,1,28
2781,24,5,20
3081,349,4,7
2121,475,8,23
533,33,10,1
3054,456,6,37
2076,362,7,98
2417,360,6,12
1780,172,10,66
65,460,4,24
1838,428,6,15
1421,107,6,19
3631,499,9,56
1932,155,9,99
4693,275,3,82
4201,448,7,77
1152,344,2,58
2993,171,8,67
3953,439,9,80
4595,258,2,9
1308,314,3,32
2086,227,10,3
1976,313,4,41
1922,121,7,41
728,311,10,67
895,324,10,80
1593,487,5,15
401,121,2,41
324,44,1,20
4996,184,9,1
2920,170,1,68
1661,472,7,44
465,55,1,19
3460,491,8,66
4521,442,5,44
3295,3,4,42
1973,351,6,50
3742,152,6,34
4486,105,6,48
4679,299,8,50
4815,407,7,59
1024,375,1,64
2772,81,4,22
3295,362,3,98
3879,393,6,51
3167,429,4,80
1123,216,1,22
4352,49,10,2
2460,174,1,34
4258,301,1,82
4891,226,1,98
797,401,5,34
824,12,7,71
4074,70,10,5
1001,274,5,83
2961,294,7,74
904,391,1,87
4010,268,6,65
3337,394,9,97
4038,1,3,54
4460,153,8,23
1439,487,10,15
4167,489,10,65
3733,5,10,45
2399,193,10,85
1877,495,7,83
1254,494,6,16
4004,152,8,34
4872,175,4,94
2214,398,8,42
562,43,4,21
1000,248,6,85
4247,143,9,92
1319,194,4,13
3706,32,1,44
2479,497,8,52
4347,336,10,44
4193,352,4,87
2493,291,3,43
857,392,3,79
3855,175,9,94
3200,14,7,85
4686,234,3,44
4476,390,5,55
396,329,2,91
4620,286,5,22
43,496,2,73
1801,451,9,87
1161,478,1,35
555,449,5,57
495,312,4,83
1000,338,6,52
1159,428,4,15
2383,174,4,34
1872,371,10,39
356,329,5,91
3289,305,6,28
2793,467,10,83
987,216,2,22
3276,93,4,71
2041,25,9,45
241,422,7,88
4164,71,6,82
1102,392,4,79
4949,188,8,32
721,29,8,26
2619,488,3,29
2297,256,9,69
456,19,3,54
3685,185,1,28
4784,27,3,69
303,492,5,100
1940,85,2,7
3049,337,10,4
151,118,6,8
3187,271,6,12
2452,198,8,4
4368,431,5,78
2360,414,7,37
4470,180,8,79
3280,44,10,20
1484,397,9,6
4694,45,3,6
3001,353,8,68
4570,382,7,33
4559,28,2,43
4456,12,3,71
4215,492,8,100
4229,215,1,79
485,201,10,29
3692,1,6,54
1882,44,9,20
1924,471,7,2
3508,421,6,97
3144,98,7,80
1072,77,4,23
4407,17,2,63
3089,488,7,29
2819,246,3,83
672,338,10,52
2234,214,9,71
1280,224,4,9
456,232,5,49
1694,281,9,38
1584,490,2,63
4536,12,4,71
3611,63,6,24
4488,394,5,97
117,201,3,29
4937,391,3,87
4157,331,8,67
4779,465,7,85
3865,192,3,82
419,198,7,4
594,127,7,75
2694,42,2,78
967,410,9,43
2900,310,2,23
467,152,1,34
346,186,6,55
3532,426,9,100
4246,236,7,64
1726,325,1,83
4636,443,4,92
221,255,4,73
2651,243,9,95
3209,350,2,58
1055,97,3,16
2593,296,10,24
4149,75,2,11
1334,234,7,44
474,173,5,12
2349,470,6,56
1894,160,1,37
593,167,1,17
554,296,3,24
3399,427,4,33
4945,422,9,88
1973,308,6,6
181,384,6,17
3873,445,1,8
3700,365,9,31
2606,109,3,31
4956,319,9,98
2551,376,8,35
1891,102,8,73
64,60,1,77
4995,44,2,20
4539,105,6,48
2282,307,3,97
3604,40,5,27
1920,472,8,44
389,132,6,15
4167,132,4,15
980,183,2,67
2356,163,10,8
2296,225,5,8
1313,119,10,100
2420,25,9,45
2145,188,3,32
942,387,9,24
4752,210,6,70
1465,167,9,17
1906,63,1,24
70,322,10,77
4971,342,6,74
4582,266,6,38
2697,43,10,21
1964,216,6,22
1657,203,5,91
1458,482,3,77
4200,217,7,89
2158,88,3,68
3437,155,8,99
4126,408,10,78
4262,333,2,55
4878,302,5,2
3504,231,4,89
547,24,5,20
4420,109,10,31
2242,334,6,19
172,484,6,93
1129,30,3,74
3709,325,6,83
1449,271,8,12
1451,149,7,57
4610,476,8,69
2096,475,3,23
3857,272,5,70
1411,10,1,60
845,281,8,38
4258,92,4,37
2251,424,1,50
2015,9,8,2
4687,50,10,85
1219,20,4,27
2439,363,8,85
354,345,5,56
1325,499,8,56
700,269,1,24
3635,361,7,4
2698,51,1,50
1565,209,5,31
1067,16,3,17
2014,42,8,78
863,5,8,45
2731,238,2,11
4324,215,3,79
1931,23,3,100
1663,447,8,66
3631,105,5,48
4437,399,8,98
3609,397,9,6
271,421,6,97
2884,60,10,77
3957,465,8,85
2983,261,2,41
3880,219,1,74
500,180,1,79
2442,269,1,24
1068,332,6,34
4596,163,2,8
976,488,5,29
4133,199,9,71
483,89,4,51
1348,445,9,8
1028,267,4,54
4179,30,4,74
437,340,9,68
1256,370,10,19
4328,13,2,40
4649,395,2,40
4817,78,7,68
1794,186,7,55
234,316,7,38
3939,339,9,52
3271,355,3,36
3279,272,3,70
103,500,6,98
4219,246,5,83
330,420,5,38
3914,468,9,58
4824,161,2,49
3106,231,6,89
3682,171,6,67
1239,477,3,57
1002,309,6,19
2581,212,3,14
688,216,9,22
802,474,7,96
4007,486,5,98
1671,375,8,64
4341,198,5,4
3097,175,3,94
4120,277,1,95
4206,240,9,45
555,495,8,83
549,152,2,34
4893,221,7,85
2196,419,8,78
3301,134,8,79
864,24,2,20
1444,344,4,58
1115,219,9,74
3338,239,8,18
956,240,10,45
1357,432,9,77
1468,356,1,4
2779,144,2,33
2736,260,10,99
743,139,8,44
4286,145,4,55
3174,143,1,92
271,52,6,39
3403,112,3,85
3439,412,9,77
91,495,9,83
1007,64,10,24
3463,293,2,32
3185,307,9,97
1707,365,8,31
3811,306,1,93
4030,491,7,66
4091,74,10,84
208,113,1,59
2294,301,4,82
2555,385,2,79
4026,324,9,80
863,458,4,17
4245,83,6,59
3133,125,2,29
515,444,10,78
2825,151,9,76
1327,228,7,25
4028,340,3,68
2215,427,3,33
3401,147,7,46
2035,153,9,23
1722,69,6,47
4651,84,6,86
4880,269,3,24
623,432,1,77
1014,358,1,100
1729,80,5,68
3227,121,5,41
4385,410,8,43
1171,35,9,77
4768,272,7,70
3654,346,9,31
2940,347,5,86
1446,128,6,36
3292,165,2,28
2122,28,6,43
2776,263,8,15
717,330,3,65
2474,134,10,79
929,166,2,31
4431,346,2,31
4539,450,3,59
2948,214,7,71
1194,498,1,84
2695,490,9,63
3568,131,8,20
3660,165,4,28
295,418,4,19
969,393,5,51
742,461,7,73
3856,462,6,4
123,84,9,86
2174,121,1,41
1254,447,7,66
2905,214,9,71
168,500,4,98
4232,380,6,10
1090,365,3,31
81,291,5,43
4223,226,4,98
4108,110,8,36
1420,466,10,81
2352,269,2,24
4888,195,3,82
2578,234,2,44
2836,334,10,19
2858,302,10,2
4897,361,4,4
4030,233,1,72
3664,477,10,57
3680,27,7,69
1364,92,4,37
1359,189,9,40
501,305,6,28
1192,350,4,58
144,71,5,82
954,217,6,89
1570,166,10,31
2803,478,2,35
4873,413,10,40
3066,188,2,32
4292,387,10,24
4058,17,10,63
4939,68,8,65
630,17,3,63
668,213,5,70
3381,288,3,11
897,140,5,40
95,42,9,78
1205,340,9,68
1801,79,2,96
4403,226,10,98
1500,51,3,50
4379,165,7,28
1109,56,1,29
1878,118,9,8
3932,260,5,99
870,72,6,62
1944,343,5,11
2237,500,8,98
3776,97,7,16
4172,130,10,30
2129,144,3,33
3045,431,4,78
1659,335,3,93
3844,483,6,2
955,172,7,66
1694,25,2,45
3319,473,6,56
1816,447,1,66
1876,458,9,17
29,308,9,6
1781,260,2,99
2539,3,2,42
1818,426,1,100
470,449,6,57
2496,63,9,24
1329,143,1,92
3138,468,10,58
85,178,2,24
375,443,4,92
2164,63,9,24
2038,127,7,75
1022,84,2,86
1277,15,9,31
4339,179,8,3
3649,177,10,1
3098,220,6,48
2847,302,5,2
1229,340,2,68
313,287,7,71
2562,229,4,22
554,221,5,85
2996,213,2,70
4705,134,4,79
4160,448,7,77
310,211,8,13
2110,43,9,21
3992,425,2,19
2511,84,3,86
4915,500,9,98
1085,65,10,88
4659,398,4,42
3181,327,10,25
2086,214,8,71
3359,300,1,41
4691,292,3,49
4087,25,8,45
2977,372,6,73
2800,91,1,66
3612,251,2,50
3746,448,6,77
4548,313,3,41
2043,358,2,100
4987,155,9,99
2889,138,6,6
60,269,9,24
3680,129,6,83
3257,400,9,83
666,28,1,43
2487,199,8,71
1992,392,2,79
3489,178,8,24
1499,344,9,58
1568,386,9,22
1492,79,8,96
3507,181,10,32
4033,50,9,85
4629,26,8,9
2349,29,7,26
1964,467,2,83
4361,223,9,11
3563,83,8,59
4061,346,10,31
1964,450,5,59
271,315,10,28
4011,490,4,63
627,230,5,19
570,335,8,93
4995,217,2,89
3139,496,7,73
4893,467,9,83
1606,445,9,8
2635,374,5,29
4956,184,4,1
662,198,6,4
1412,464,6,35
235,83,2,59
3,61,10,94
1278,51,7,50
2529,208,9,55
4889,95,6,49
71,392,1,79
4313,31,4,31
205,13,4,40
1956,189,6,40
2126,92,10,37
2569,260,5,99
