1462,306,7,27
3983,244,6,98
1794,189,9,92
2910,73,4,40
4688,157,8,52
1733,271,4,77
1503,470,10,68
648,106,2,40
2070,247,2,65
3108,64,4,79
350,46,1,26
3232,334,7,75
4884,205,8,44
626,446,1,9
201,96,6,79
4752,162,1,21
2788,343,6,79
1270,124,3,1
3358,31,1,10
4012,27,4,2
3981,81,10,5
372,44,6,28
95,209,2,52
9,241,9,20
1215,237,1,28
90,436,8,81
417,405,3,49
1352,457,2,28
1807,496,6,54
3376,357,8,29
3527,193,8,99
4362,252,7,19
4539,99,10,41
807,143,8,95
4186,228,2,28
4766,194,2,51
1065,6,8,87
1295,245,5,61
4560,346,7,48
1389,40,6,4
2001,350,3,100
1620,478,1,2
4447,34,5,14
4960,67,7,27
2397,224,5,11
1363,350,5,100
4388,306,3,27
568,155,8,49
2266,286,4,66
4925,312,2,79
1236,358,4,88
979,131,3,87
3717,427,4,8
3470,137,6,72
2214,298,7,86
1663,259,6,15
2988,316,10,84
4615,442,7,57
4291,325,7,59
4256,360,5,4
87,45,1,86
2767,122,9,33
3147,408,3,8
3636,167,7,6
553,167,8,6
1616,243,3,55
894,473,1,27
4655,281,6,96
2008,387,5,50
2573,227,9,68
180,402,6,63
1953,135,3,88
4038,117,7,18
3824,115,1,9
857,362,10,41
1531,303,4,45
3731,163,2,17
2081,308,3,8
4944,349,9,77
1809,400,4,98
816,115,7,9
2795,359,4,47
2219,184,7,12
4697,131,8,87
2209,376,1,80
193,180,1,6
4453,167,9,6
1402,238,5,12
3343,296,6,12
3277,345,9,91
4868,160,3,87
2033,473,9,27
593,145,2,75
4961,49,2,99
4047,354,1,94
2342,220,8,75
4790,224,10,11
2414,499,8,38
56,448,4,18
2772,449,10,74
4624,222,8,54
72,13,5,99
4397,484,10,54
894,359,10,47
1703,462,5,15
460,476,4,29
3745,238,7,12
3565,40,10,4
4520,378,8,37
3538,266,9,57
146,114,3,15
279,32,3,27
1706,394,9,18
1084,336,10,62
3271,74,4,28
2682,450,4,40
3684,380,2,42
3080,388,1,79
1312,306,6,27
2174,193,5,99
310,161,3,42
626,266,2,57
3082,206,1,68
1304,120,5,23
337,147,8,100
1410,20,8,79
4814,285,7,18
4267,154,1,4
2964,95,10,92
4829,436,1,81
1588,348,7,59
4563,290,2,36
1317,135,2,88
1391,471,6,49
321,226,7,1
2050,263,4,39
3506,17,1,93
1324,172,6,79
1587,471,9,49
716,264,4,21
1538,301,5,28
151,154,1,4
4925,417,9,72
4814,167,2,6
604,94,10,77
3876,335,2,76
259,263,3,39
3425,96,7,79
251,499,1,38
1600,346,4,48
1860,494,4,69
4101,406,9,85
1075,471,6,49
3673,232,7,33
4775,217,1,22
537,165,1,1
3324,303,1,45
2143,140,3,95
3628,56,2,30
3120,466,4,51
3320,423,6,57
4449,125,1,14
1639,1,3,50
2854,52,8,1
4676,304,7,99
4747,377,4,65
467,415,6,7
432,60,3,43
1465,56,1,30
1997,231,5,25
1626,5,9,81
4162,85,6,43
541,457,5,28
1247,245,9,61
3301,207,2,26
3115,19,3,47
2210,404,7,29
479,21,10,63
3796,379,9,51
4555,146,5,36
4721,82,4,100
3589,399,3,66
3427,62,2,11
4253,469,8,32
3267,265,5,96
3581,292,2,6
3879,32,9,27
2696,153,2,16
4013,53,2,100
1732,337,9,30
1557,283,6,46
600,500,9,2
583,39,8,14
2190,2,3,7
2317,196,10,34
4354,196,8,34
1424,251,10,5
1643,351,1,71
2584,346,2,48
2365,49,9,99
2113,93,5,18
1577,26,2,88
2259,471,5,49
4428,18,10,51
556,277,5,55
1355,91,1,24
3846,446,1,9
1481,162,10,21
2959,84,3,39
1777,329,8,100
4694,28,8,22
260,190,6,83
3194,260,2,16
4418,377,7,65
1939,208,4,11
2977,164,10,5
3738,349,6,77
2044,429,9,63
1384,269,2,44
4464,26,3,88
89,34,2,14
708,443,5,37
3789,250,6,63
1871,451,5,98
4659,222,9,54
240,164,3,5
810,204,4,48
4907,164,2,5
3462,151,4,21
1200,180,10,6
378,277,7,55
3980,276,9,85
1126,257,5,22
4349,109,3,17
3537,26,10,88
4734,36,2,65
2787,485,4,61
58,192,1,35
3652,191,5,77
220,172,10,79
1497,454,5,17
4838,159,9,5
1828,375,8,57
3576,442,2,57
2083,177,8,64
2068,361,2,49
1103,303,1,45
110,305,2,83
68,405,4,49
2433,88,8,48
4620,408,6,8
1575,458,4,34
283,353,9,9
2899,106,1,40
880,445,10,75
385,456,9,42
3369,141,8,100
2515,182,2,18
3905,210,3,15
460,70,2,63
4729,104,9,47
3561,210,7,15
2198,95,7,92
1785,70,10,63
3540,188,4,89
1917,114,10,15
3842,89,2,68
1428,421,3,55
1903,374,3,50
3998,384,9,81
4388,87,6,58
3720,63,7,26
626,133,4,65
4235,104,4,47
4083,239,5,96
3218,281,10,96
1247,386,3,23
1150,239,4,96
1603,147,10,100
1678,84,4,39
797,401,9,11
4288,148,9,26
1807,26,1,88
2471,220,1,75
23,438,10,51
382,270,9,21
2403,496,2,54
3347,143,10,95
3573,56,8,30
99,289,9,8
3663,82,1,100
1795,353,4,9
4621,27,6,2
1976,3,2,85
153,352,9,77
2000,402,7,63
430,442,5,57
3582,411,7,45
616,425,7,33
1433,203,2,15
4643,55,3,70
3027,83,5,97
1448,236,7,26
1322,85,1,43
4328,211,1,13
3378,56,10,30
1183,130,7,66
3111,330,3,14
3587,326,6,88
4316,279,4,77
4564,332,2,30
4183,303,1,45
1744,475,4,2
3116,213,8,85
2454,271,5,77
4965,220,8,75
4842,154,8,4
2593,359,2,47
1960,51,10,83
1936,360,10,4
4563,319,9,83
4308,416,8,81
2008,215,4,7
2258,297,4,44
63,31,2,10
3417,129,6,71
2590,144,3,11
614,54,6,31
2938,150,2,74
2874,276,7,85
1199,217,7,22
3538,280,4,86
3107,288,4,4
4470,101,5,19
1550,276,5,85
2317,483,3,61
1661,162,7,21
1216,222,5,54
1180,320,3,36
3756,164,7,5
3322,121,7,69
3971,205,8,44
2716,490,4,44
3556,188,4,89
1339,101,9,19
1107,56,8,30
3421,370,2,76
3524,470,5,68
4847,283,8,46
3055,248,3,1
677,446,10,9
284,422,2,56
2966,489,5,52
1218,64,9,79
3895,498,5,24
1558,42,6,66
482,412,2,75
4649,422,5,56
3369,223,10,38
1797,387,2,50
867,462,3,15
166,36,2,65
2852,338,1,11
4811,426,10,91
1716,305,9,83
4218,485,9,61
713,41,5,20
2157,464,2,29
4918,50,4,46
4481,206,5,68
605,334,5,75
2514,236,9,26
2488,459,2,96
423,100,4,100
4489,356,8,33
754,123,4,86
2569,8,4,73
984,372,2,99
4488,380,9,42
4018,311,2,75
603,79,4,88
4733,371,4,75
1797,21,9,63
691,221,2,38
860,431,8,1
2874,247,5,65
4401,14,2,47
4323,24,3,41
4555,143,2,95
4643,463,3,27
438,309,1,81
564,60,9,43
2404,32,8,27
3735,39,4,14
4763,76,1,19
3688,388,8,79
202,155,3,49
4,61,1,8
4741,161,2,42
215,325,2,59
4127,185,8,38
2465,200,8,68
3038,323,1,36
464,155,8,49
3546,493,2,33
3579,298,1,86
2149,312,9,79
1084,409,2,26
829,356,1,33
775,433,8,84
2826,500,6,2
2737,85,1,43
481,494,4,69
2718,290,5,36
4828,168,3,6
298,226,9,1
4040,397,9,74
3478,276,2,85
4257,107,3,93
2956,116,9,61
4445,83,2,97
1516,88,6,48
1609,354,4,94
4316,22,3,12
4235,428,3,31
2711,330,8,14
3992,238,4,12
4541,366,6,68
4863,225,2,6
1504,399,8,66
4150,131,1,87
918,34,9,14
4452,145,2,75
1941,445,6,75
749,96,7,79
4384,330,8,14
4259,210,5,15
956,57,8,70
3814,145,10,75
2054,118,4,34
29,121,10,69
4428,404,4,29
1848,447,9,27
1118,18,5,51
4421,158,10,63
4879,411,5,45
390,231,9,25
1164,489,1,52
2557,127,9,50
635,84,9,39
3492,39,4,14
4726,269,3,44
1404,456,7,42
4864,261,8,4
175,194,2,51
4587,257,9,22
1826,12,9,14
2675,168,1,6
3654,68,6,72
2029,241,6,20
322,363,5,53
3153,400,8,98
3481,202,7,27
1846,170,8,70
4945,267,2,84
4199,449,5,74
1636,65,9,77
1792,244,8,98
2208,290,7,36
3949,27,5,2
3567,439,10,14
3068,54,1,31
2011,451,7,98
3339,221,7,38
2197,168,8,6
2445,373,1,74
108,253,5,11
2267,472,6,68
2184,250,8,63
4229,26,3,88
4657,380,5,42
1038,478,3,2
4870,111,3,18
3685,190,1,83
1037,230,1,42
2618,426,5,91
3538,373,5,74
3076,409,3,26
4830,374,10,50
3952,478,8,2
3154,243,3,55
2469,171,9,53
2772,306,7,27
3260,101,7,19
3704,444,4,43
4387,382,1,22
2082,111,1,18
3460,418,4,15
599,161,8,42
4633,316,4,84
3996,433,10,84
291,234,4,30
1388,334,2,75
939,48,7,13
2884,113,4,78
80,467,6,81
4951,452,1,55
4657,150,5,74
4609,235,5,95
3839,306,7,27
4253,389,2,69
1146,316,8,84
3790,302,1,62
665,167,8,6
4082,22,3,12
4525,357,2,29
460,374,8,50
3839,183,10,59
3576,375,1,57
4635,109,3,17
1995,71,1,48
4968,419,10,100
2823,383,4,49
801,98,2,24
4683,313,6,8
420,420,2,14
777,219,9,34
2,345,8,91
2763,273,9,60
769,11,3,65
1211,412,2,75
210,152,2,11
3555,152,5,11
714,323,10,36
658,115,4,9
1838,289,7,8
1188,416,8,81
4391,258,8,86
4535,98,6,24
679,377,2,65
1673,430,10,32
2159,289,10,8
496,152,2,11
2694,436,1,81
3625,159,7,5
4561,253,7,11
3798,437,10,67
4914,485,2,61
1883,459,2,96
898,331,5,46
3124,268,1,72
1445,329,2,100
1726,155,8,49
1305,127,6,50
738,31,9,10
3757,260,3,16
4515,408,3,8
4341,362,4,41
4991,9,9,74
4862,333,8,60
3856,181,8,77
480,289,3,8
1276,23,7,51
1166,240,7,47
4202,462,9,15
37,322,9,37
1947,112,5,25
1233,225,10,6
4855,184,8,12
1908,346,3,48
3452,39,8,14
2963,311,6,75
2599,52,1,1
1781,17,7,93
4759,472,4,68
4661,50,1,46
1262,360,5,4
1531,171,4,53
811,115,10,9
1527,395,9,35
3632,289,2,8
2727,388,8,79
3378,404,6,29
1020,235,5,95
3632,350,9,100
3582,263,7,39
3407,411,4,45
1332,231,3,25
4358,383,1,49
3156,155,7,49
654,261,6,4
4692,340,1,62
4980,494,5,69
1831,2,3,7
1118,246,9,32
4056,374,9,50
4917,20,3,79
40,191,5,77
3445,86,7,81
1336,387,3,50
9,444,4,43
4619,360,1,4
2248,338,3,11
553,230,4,42
64,392,3,32
2144,306,1,27
2757,191,4,77
3011,421,3,55
2241,252,1,19
2873,174,8,80
2592,466,1,51
3209,441,7,1
1639,340,3,62
572,136,2,99
534,347,6,27
695,429,3,63
1424,232,2,33
4682,302,6,62
522,300,7,11
3516,206,10,68
3011,147,6,100
4197,119,7,1
626,211,3,13
1222,26,2,88
949,25,10,43
1744,274,1,1
1572,32,10,27
3877,128,7,83
2542,64,7,79
128,14,4,47
4835,293,2,25
872,256,8,88
854,266,2,57
5000,376,9,80
224,268,3,72
4549,476,8,29
4167,470,5,68
4074,380,5,42
2007,386,8,23
1109,214,4,89
1310,497,2,75
761,37,8,96
3687,238,9,12
2956,233,1,85
4187,297,2,44
1154,281,7,96
2397,281,1,96
2407,423,5,57
4209,236,5,26
1099,117,5,18
342,174,10,80
1671,254,2,67
1019,335,5,76
723,197,4,55
1591,495,3,25
3722,160,3,87
2445,226,1,1
4481,296,2,12
1467,182,6,18
1633,112,3,25
915,104,6,47
592,119,4,1
4289,101,10,19
3428,283,6,46
866,324,5,84
3639,69,10,57
1111,24,6,41
2314,8,9,73
2784,311,2,75
4455,31,1,10
4687,397,6,74
1638,89,7,68
2153,369,2,84
525,189,10,92
1933,184,7,12
956,245,6,61
1320,383,5,49
3296,245,5,61
3945,18,5,51
1266,23,6,51
2783,99,10,41
1571,411,5,45
496,120,3,23
714,137,10,72
3052,435,9,34
1835,459,9,96
4186,80,1,76
3619,466,7,51
1769,140,10,95
2652,400,9,98
4935,123,7,86
1104,476,5,29
2392,111,5,18
430,490,8,44
3915,294,9,57
3129,69,4,57
1960,7,9,4
1077,107,10,93
298,427,8,8
2918,334,5,75
1032,282,8,65
2220,410,1,23
1466,177,1,64
2338,345,9,91
990,193,1,99
4347,305,10,83
3709,135,5,88
1045,19,9,47
4387,66,3,77
3295,221,6,38
1264,79,2,88
3883,315,5,88
2853,401,5,11
2016,388,1,79
891,471,6,49
2704,189,10,92
1298,100,6,100
912,260,7,16
341,492,8,82
549,200,4,68
4653,221,1,38
4007,334,6,75
4971,243,6,55
3117,27,3,2
2120,310,10,30
2883,459,5,96
77,57,2,70
2817,290,1,36
910,194,9,51
4076,10,6,79
4733,93,8,18
2667,166,2,73
3962,211,1,13
1549,351,10,71
429,404,5,29
3862,11,5,65
3320,149,4,24
870,161,1,42
3052,440,8,14
2810,126,5,21
1471,263,3,39
2414,365,6,85
501,18,2,51
2774,44,8,28
3377,245,3,61
4917,73,7,40
28,218,2,25
2991,52,5,1
3887,192,9,35
2239,23,4,51
358,94,5,77
21,165,7,1
253,107,1,93
1060,456,5,42
3180,300,3,11
2797,181,1,77
3359,363,4,53
1357,281,2,96
819,272,5,50
226,426,5,91
1310,483,9,61
449,11,8,65
4908,257,10,22
2285,296,4,12
2146,10,2,79
2877,112,8,25
1019,364,3,86
3613,478,10,2
3189,116,7,61
145,470,8,68
3870,83,5,97
1168,235,6,95
1608,377,5,65
823,94,9,77
2484,384,2,81
535,33,2,7
1701,361,9,49
1078,29,9,65
4087,278,1,93
3841,32,3,27
1650,6,1,87
2636,297,2,44
4488,482,9,64
1278,290,1,36
3565,235,9,95
2849,383,7,49
765,467,4,81
540,206,1,68
1490,176,6,100
352,310,2,30
4106,484,7,54
2879,92,8,75
3870,492,9,82
4920,178,9,91
3986,15,4,40
1482,461,9,44
1845,484,5,54
1929,122,4,33
4568,459,2,96
3059,343,6,79
3703,432,9,38
4098,379,1,51
4254,423,5,57
235,168,8,6
2723,116,6,61
3654,321,3,44
1297,13,6,99
2915,379,5,51
303,463,5,27
838,9,6,74
2935,150,9,74
4147,404,10,29
828,267,8,84
1682,463,6,27
1135,380,8,42
4484,274,5,1
609,445,1,75
1697,165,9,1
1652,491,8,60
2854,383,2,49
1772,369,8,84
1359,84,5,39
869,66,9,77
4629,25,3,43
4008,302,8,62
3414,482,4,64
2251,400,6,98
2860,459,7,96
1174,88,4,48
4260,366,4,68
2952,267,9,84
4268,70,10,63
76,143,6,95
3260,328,9,30
2009,121,8,69
2375,267,9,84
1459,220,9,75
816,453,9,5
4584,158,7,63
4645,305,8,83
329,152,9,11
4283,168,7,6
2025,223,10,38
3376,148,4,26
891,337,1,30
1413,215,6,7
4031,32,7,27
1628,335,4,76
2389,212,3,94
472,221,1,38
3610,454,1,17
575,50,8,46
4441,384,9,81
4599,224,3,11
632,116,5,61
1462,224,5,11
4537,233,8,85
2029,3,1,85
53,448,8,18
2408,60,6,43
1394,22,9,12
3363,338,10,11
1535,486,5,30
2621,27,10,2
4454,474,8,20
3490,178,10,91
2811,236,3,26
3839,222,8,54
381,94,5,77
4848,17,8,93
926,361,2,49
4298,493,1,33
2016,220,8,75
632,246,5,32
4169,120,4,23
374,329,5,100
603,210,9,15
4202,166,6,73
4677,358,3,88
4169,258,3,86
4325,197,5,55
1489,424,3,15
4758,260,8,16
58,481,10,82
3966,15,10,40
1251,95,9,92
3015,479,8,79
4352,434,3,100
2541,197,7,55
386,446,4,9
122,342,9,46
3794,383,8,49
12,387,7,50
4689,151,3,21
4298,226,6,1
2393,253,1,11
4090,381,8,31
3154,381,1,31
3639,48,8,13
4232,123,2,86
1124,313,10,8
123,457,9,28
1646,148,6,26
2844,365,9,85
4872,398,1,90
273,428,10,31
595,158,4,63
463,449,9,74
1887,85,5,43
4292,460,6,8
2939,14,3,47
2519,430,9,32
2165,157,5,52
2794,217,8,22
3058,34,7,14
2284,195,10,8
1175,113,4,78
1936,267,3,84
4390,140,8,95
4487,43,10,26
928,245,7,61
2770,366,2,68
2983,439,1,14
2350,344,7,69
3193,206,9,68
530,389,6,69
3916,389,5,69
2980,81,3,5
1428,483,2,61
687,164,9,5
602,258,10,86
4326,289,5,8
3157,481,2,82
4805,460,1,8
1579,329,10,100
4761,237,8,28
2309,499,6,38
3554,222,10,54
658,121,4,69
3216,106,1,40
2491,227,1,68
2392,449,8,74
1439,308,8,8
4026,441,7,1
1200,169,6,53
270,188,9,89
2955,227,4,68
2641,396,8,54
4950,311,7,75
281,53,5,100
1769,437,3,67
669,227,4,68
3110,302,1,62
2415,451,2,98
4439,330,7,14
287,191,3,77
2684,423,4,57
4876,20,5,79
2416,101,1,19
1771,486,1,30
1864,69,10,57
3973,91,2,24
2568,370,2,76
4589,240,8,47
1195,315,7,88
4561,92,7,75
2387,218,4,25
4725,391,5,8
635,15,10,40
47,238,4,12
1242,312,2,79
1357,171,1,53
907,298,1,86
4866,349,2,77
3092,260,2,16
215,488,10,31
1427,380,2,42
2001,50,10,46
12,204,7,48
4029,388,3,79
857,428,7,31
3147,393,2,3
4269,256,7,88
2216,493,1,33
4779,164,5,5
3879,106,4,40
3855,344,10,69
2955,193,9,99
1513,62,4,11
65,207,10,26
972,324,7,84
4417,221,8,38
3146,179,10,97
1055,358,1,88
540,343,2,79
3417,68,3,72
930,74,6,28
4851,15,5,40
3065,289,1,8
4146,500,4,2
733,350,6,100
4164,70,7,63
4817,75,4,86
4386,216,8,66
501,237,7,28
4221,399,8,66
4862,187,2,81
3753,206,10,68
67,220,3,75
759,147,4,100
2811,69,5,57
4291,372,7,99
1220,408,4,8
2289,402,2,63
4381,143,10,95
2131,81,4,5
1922,315,9,88
436,254,3,67
51,156,7,34
1604,472,7,68
685,212,6,94
2477,440,10,14
1211,168,10,6
274,342,1,46
4742,225,4,6
3067,206,2,68
1899,22,9,12
1893,54,6,31
3007,74,7,28
3745,282,2,65
4762,440,1,14
4118,439,6,14
4385,364,7,86
2469,122,9,33
3121,183,10,59
3746,321,4,44
2906,340,6,62
958,393,8,3
2657,463,7,27
1972,124,4,1
1914,367,8,13
1035,257,2,22
425,377,4,65
2504,34,7,14
1186,459,9,96
512,334,5,75
4652,144,3,11
4147,229,4,13
1881,343,6,79
3748,336,9,62
1510,119,6,1
1918,406,4,85
4107,376,5,80
2317,2,7,7
1074,236,2,26
2258,241,7,20
479,339,9,44
4436,11,7,65
385,146,8,36
4326,109,10,17
717,83,10,97
4532,194,6,51
88,357,2,29
2380,286,6,66
3938,48,3,13
3822,461,2,44
2622,304,7,99
1898,122,3,33
4976,128,8,83
4416,486,8,30
265,277,2,55
4301,74,6,28
4349,495,1,25
1499,134,4,1
3109,352,5,77
1352,152,4,11
1247,353,2,9
891,252,7,19
4992,209,2,52
2618,303,4,45
4698,263,8,39
2073,23,5,51
1093,236,8,26
4463,294,10,57
4112,242,9,93
3372,444,7,43
1779,388,4,79
4038,17,5,93
2227,124,8,1
4902,252,7,19
3241,140,5,95
184,392,3,32
536,318,8,100
354,333,3,60
3625,450,8,40
1696,358,5,88
139,368,4,15
1627,387,9,50
3438,21,7,63
1990,40,2,4
4586,120,9,23
1871,393,2,3
2675,393,6,3
4766,256,3,88
3696,232,9,33
1994,130,4,66
441,172,1,79
119,337,10,30
4392,263,9,39
3447,451,10,98
917,344,6,69
2638,380,8,42
2515,20,7,79
3049,36,8,65
4652,208,5,11
3593,464,2,29
207,375,7,57
2687,276,5,85
3804,451,3,98
3401,446,2,9
4549,381,4,31
37,309,7,81
3696,112,2,25
1399,181,6,77
3141,174,4,80
4031,176,8,100
3143,354,7,94
4423,151,2,21
3321,378,10,37
1208,189,3,92
3539,251,8,5
3602,209,5,52
1061,312,10,79
281,39,10,14
3713,219,3,34
3950,225,9,6
4071,132,4,90
428,464,9,29
4442,362,5,41
1601,405,7,49
3768,404,7,29
4224,265,8,96
2829,196,2,34
4483,339,7,44
4790,374,7,50
14,361,4,49
1318,270,4,21
4234,188,2,89
3828,413,8,70
3042,148,8,26
855,475,4,2
1735,254,7,67
1216,214,5,89
3701,78,8,5
4122,57,3,70
1478,427,7,8
3208,75,7,86
1254,374,7,50
2152,216,8,66
1316,300,4,11
2337,398,6,90
1049,94,4,77
1017,245,10,61
162,371,3,75
4204,376,2,80
1143,293,9,25
4145,184,2,12
2766,365,9,85
4878,265,4,96
1093,380,10,42
155,104,9,47
2745,336,3,62
4572,33,1,7
3297,348,8,59
2597,308,7,8
1387,437,10,67
4144,464,3,29
1142,449,7,74
2288,103,10,94
3876,86,5,81
3620,163,4,17
4808,93,2,18
1506,135,2,88
1852,163,7,17
2825,499,7,38
1706,121,2,69
2770,311,2,75
2818,311,8,75
1988,98,3,24
3988,149,7,24
4919,286,5,66
4235,198,8,15
901,154,8,4
4698,354,5,94
4877,159,9,5
1897,333,9,60
2668,97,6,65
2200,337,3,30
4494,450,2,40
2995,46,5,26
4721,320,6,36
1521,183,1,59
1193,18,6,51
2860,242,4,93
1447,136,6,99
2894,353,6,9
346,210,4,15
3012,122,8,33
1805,24,6,41
228,134,8,1
1277,351,9,71
683,343,2,79
4010,278,6,93
1557,19,7,47
1936,459,5,96
165,274,1,1
3436,15,10,40
2824,127,9,50
4429,355,10,53
287,131,9,87
2725,190,9,83
876,24,6,41
3225,367,3,13
3088,144,6,11
338,16,4,13
1944,306,9,27
4291,191,2,77
1812,187,1,81
4575,234,5,30
1429,300,10,11
1436,18,2,51
1530,370,10,76
36,173,5,72
3476,124,3,1
2344,351,10,71
1086,208,10,11
1869,127,4,50
3500,345,8,91
4767,457,3,28
881,489,3,52
1785,412,3,75
3931,392,8,32
3067,225,6,6
877,353,7,9
667,436,1,81
3694,14,4,47
2278,23,8,51
317,198,10,15
206,160,3,87
1947,126,4,21
2766,364,5,86
4769,213,10,85
3847,167,10,6
2451,431,4,1
720,226,9,1
2488,487,10,47
2436,293,5,25
3357,429,2,63
3143,34,3,14
3143,137,5,72
1412,11,9,65
3573,350,3,100
3104,145,3,75
1647,186,8,36
1898,184,6,12
4243,24,9,41
2547,320,1,36
3067,152,9,11
2339,286,4,66
2903,282,4,65
1480,273,7,60
1807,171,6,53
1960,41,8,20
1625,51,7,83
1828,297,10,44
1812,2,9,7
1954,211,1,13
3543,186,7,36
958,111,2,18
3056,428,6,31
4745,284,5,38
4648,97,8,65
2946,79,1,88
2292,459,1,96
3647,65,2,77
517,61,7,8
1185,429,1,63
1014,151,1,21
2887,325,3,59
1942,200,6,68
3572,119,2,1
246,396,1,54
1588,461,3,44
26,363,5,53
4308,497,8,75
2716,117,8,18
4849,484,10,54
2176,370,7,76
2639,500,1,2
2550,384,5,81
1092,259,5,15
2562,65,9,77
1673,442,1,57
992,344,1,69
3878,31,1,10
2097,84,2,39
2540,284,5,38
4749,145,9,75
507,238,1,12
3459,387,6,50
221,495,10,25
3915,168,10,6
4234,264,7,21
3073,381,4,31
525,456,2,42
1915,111,10,18
4089,101,6,19
1516,388,7,79
1689,211,8,13
63,264,5,21
3767,308,8,8
4783,498,10,24
1159,195,5,8
3796,430,9,32
2278,463,8,27
1256,354,2,94
1494,188,4,89
3295,128,7,83
2003,159,6,5
3368,78,9,5
352,240,2,47
3004,491,10,60
3085,148,7,26
4474,386,2,23
678,239,2,96
3122,259,9,15
3527,161,4,42
4751,490,6,44
1784,90,3,3
2372,38,4,62
1627,422,2,56
2695,213,6,85
2480,31,5,10
1185,397,6,74
740,307,5,14
411,441,8,1
4267,226,3,1
4867,132,6,90
2048,358,7,88
839,206,1,68
3291,336,1,62
709,209,4,52
375,93,5,18
2461,436,9,81
868,77,6,42
3350,189,1,92
3091,401,10,11
2468,21,6,63
440,392,7,32
635,427,10,8
2717,323,5,36
279,417,6,72
2785,215,1,7
2682,85,9,43
4609,404,5,29
1042,492,1,82
2643,82,1,100
2721,177,3,64
423,241,2,20
2127,170,9,70
1620,454,9,17
2476,233,3,85
1381,93,7,18
3638,15,6,40
1082,375,2,57
1294,492,5,82
1109,119,9,1
338,181,6,77
1055,170,4,70
1496,2,3,7
88,472,8,68
2048,496,6,54
4355,200,3,68
286,187,1,81
4821,346,8,48
1986,261,7,4
1110,7,9,4
4344,472,7,68
1265,423,3,57
1913,359,4,47
2344,291,1,51
180,309,10,81
1948,169,7,53
2961,386,5,23
4247,490,6,44
2249,259,3,15
2196,75,10,86
38,409,1,26
677,398,2,90
3311,134,10,1
2657,473,6,27
2861,199,7,12
3252,120,2,23
875,435,6,34
3414,150,8,74
860,139,4,71
4895,107,4,93
2591,77,5,42
4648,358,3,88
1922,210,3,15
3910,219,9,34
286,142,2,24
3317,44,5,28
4755,418,3,15
3293,99,7,41
1029,49,4,99
4779,341,9,2
2915,181,7,77
2090,437,9,67
2454,371,1,75
1931,206,10,68
156,447,2,27
3873,391,8,8
4599,211,8,13
3514,188,2,89
2123,225,6,6
3046,441,4,1
3320,447,4,27
1435,402,3,63
404,328,2,30
3495,419,8,100
442,241,3,20
675,150,3,74
2316,282,5,65
1075,406,8,85
3171,454,7,17
3985,401,8,11
79,71,4,48
2971,291,3,51
4766,43,3,26
1384,477,6,71
4920,99,3,41
4395,237,10,28
2521,34,1,14
4020,192,4,35
661,68,6,72
1085,209,10,52
199,384,2,81
4127,66,5,77
757,97,2,65
3619,52,4,1
916,26,1,88
1118,377,7,65
3337,239,6,96
4375,286,5,66
1727,277,3,55
3836,101,5,19
3967,471,6,49
3113,147,2,100
3321,451,9,98
3313,460,6,8
3005,344,6,69
245,161,10,42
397,7,4,4
655,492,3,82
4194,382,8,22
1510,265,2,96
2641,220,2,75
4898,203,8,15
4385,489,7,52
194,479,8,79
3985,395,7,35
3939,72,4,38
1878,317,3,82
1652,374,9,50
3476,152,3,11
889,342,8,46
2698,166,8,73
120,378,1,37
918,432,4,38
1859,319,10,83
4370,216,2,66
4639,379,2,51
3981,485,8,61
2613,92,4,75
3203,29,7,65
1119,383,8,49
2304,338,5,11
3374,205,6,44
4986,196,8,34
3229,296,3,12
2209,193,10,99
2771,453,8,5
2776,219,4,34
3315,156,5,34
4940,483,8,61
4866,50,10,46
1034,143,4,95
1809,44,4,28
1041,272,4,50
4126,135,8,88
2686,179,9,97
2065,151,8,21
4060,261,6,4
3739,482,3,64
633,375,4,57
1762,199,5,12
3444,355,2,53
215,22,2,12
1397,152,6,11
2808,278,2,93
1376,304,7,99
588,246,2,32
2960,339,3,44
3431,299,7,15
2798,381,5,31
669,476,5,29
4919,286,10,66
4795,69,6,57
1902,187,4,81
3387,330,6,14
4065,219,2,34
670,93,5,18
3100,11,5,65
2484,110,10,8
2567,239,3,96
3245,132,4,90
1340,455,3,42
681,21,4,63
1232,138,2,47
4463,404,5,29
3222,478,4,2
2561,425,5,33
2715,430,5,32
1946,63,1,26
3737,24,2,41
2206,352,4,77
4150,318,4,100
1580,163,7,17
3397,443,1,37
330,202,7,27
26,86,3,81
4227,425,10,33
3801,129,2,71
215,184,7,12
2465,41,10,20
2786,456,5,42
1075,116,10,61
217,452,4,55
2992,142,7,24
3185,262,6,31
3590,428,7,31
1625,428,3,31
350,452,8,55
567,310,1,30
4870,32,9,27
2504,189,2,92
1622,145,3,75
399,93,1,18
1128,81,2,5
4670,325,9,59
896,494,9,69
4829,36,9,65
2918,422,2,56
2517,114,1,15
1243,466,2,51
4619,67,6,27
4222,181,4,77
206,31,5,10
1975,221,10,38
996,327,5,58
1834,112,3,25
1119,380,8,42
2639,324,4,84
884,39,10,14
1259,499,2,38
3878,145,4,75
2083,214,4,89
2610,101,7,19
1816,168,8,6
4277,256,7,88
2146,169,2,53
900,69,9,57
323,472,6,68
91,361,7,49
4382,27,9,2
3341,62,3,11
2323,416,6,81
2836,205,10,44
2530,269,8,44
1854,87,1,58
84,137,4,72
3198,222,10,54
4382,168,3,6
4350,261,3,4
2739,217,7,22
4256,464,3,29
2923,51,9,83
535,395,10,35
102,76,3,19
2200,96,2,79
3226,236,4,26
4135,38,8,62
865,134,10,1
1777,48,1,13
477,425,8,33
807,496,8,54
716,342,3,46
4902,153,1,16
592,487,5,47
732,251,3,5
2488,192,5,35
3878,24,6,41
4554,243,10,55
1344,5,2,81
2001,300,1,11
2812,363,1,53
1878,58,10,13
676,285,7,18
4142,300,7,11
1867,439,1,14
2382,475,5,2
452,450,5,40
605,28,10,22
3093,476,8,29
1151,75,2,86
1999,54,10,31
3994,153,3,16
70,25,4,43
2278,121,5,69
434,360,8,4
4438,228,2,28
4472,302,4,62
777,240,7,47
3176,406,4,85
1172,385,5,40
4180,292,5,6
3722,115,6,9
3408,64,3,79
3911,301,5,28
4386,472,8,68
110,147,2,100
3043,421,5,55
3968,4,2,8
3407,173,1,72
4308,360,3,4
4881,68,10,72
1029,475,1,2
4618,71,3,48
1584,254,7,67
791,252,5,19
708,394,4,18
2330,237,1,28
2415,19,10,47
3799,311,8,75
2053,170,2,70
1390,34,5,14
3469,239,9,96
372,361,8,49
718,148,3,26
3682,65,7,77
2433,252,9,19
4312,332,7,30
2384,82,2,100
882,68,9,72
2266,24,2,41
3396,279,10,77
3512,286,5,66
2613,346,5,48
4986,140,1,95
2020,63,1,26
721,448,10,18
72,237,8,28
56,411,5,45
2516,267,7,84
3324,256,1,88
237,94,8,77
1899,280,4,86
35,449,5,74
3482,483,6,61
3687,353,7,9
3090,365,2,85
3203,415,8,7
233,496,7,54
2172,141,6,100
1321,117,3,18
4754,124,3,1
2146,55,5,70
823,53,1,100
3677,281,5,96
4592,38,1,62
3525,397,3,74
456,174,5,80
4416,156,8,34
3046,416,10,81
1274,65,4,77
282,333,5,60
663,408,3,8
4895,34,4,14
3153,252,10,19
2343,409,5,26
3808,333,8,60
2557,237,8,28
4116,429,4,63
2739,129,7,71
2193,174,10,80
1875,270,5,21
1448,393,3,3
2483,495,1,25
1756,271,1,77
3603,36,8,65
4468,445,5,75
4985,237,9,28
3702,62,4,11
612,309,8,81
4225,241,8,20
662,254,4,67
3111,173,5,72
4697,138,6,47
3616,58,8,13
2899,365,4,85
947,124,4,1
3577,190,4,83
4961,324,2,84
3325,102,4,37
3070,48,3,13
3422,217,8,22
2344,126,9,21
3339,242,5,93
1126,173,10,72
3652,346,3,48
1786,171,2,53
1727,329,10,100
1425,255,9,64
265,439,9,14
1662,454,8,17
3470,244,4,98
1015,480,1,42
3252,266,7,57
3456,153,4,16
3333,429,6,63
3970,200,6,68
3923,277,8,55
703,392,1,32
706,366,3,68
3522,258,2,86
4205,415,6,7
2623,233,7,85
3995,417,9,72
285,10,9,79
2888,277,4,55
3793,240,8,47
4837,306,10,27
3955,213,5,85
1808,465,7,38
95,481,10,82
4524,380,1,42
3007,454,5,17
422,57,1,70
2564,157,7,52
211,371,3,75
4177,375,4,57
3456,84,4,39
2792,243,3,55
3696,391,3,8
1129,260,1,16
1363,355,5,53
2666,287,1,31
4271,413,7,70
4941,362,5,41
18,114,2,15
1639,246,10,32
4048,367,3,13
434,301,6,28
641,440,7,14
800,86,3,81
1199,497,6,75
4049,76,3,19
3923,152,6,11
2856,308,10,8
2487,476,7,29
4384,378,5,37
2116,138,1,47
1107,408,1,8
3411,155,8,49
4809,427,4,8
4012,222,2,54
4555,500,9,2
3457,109,2,17
1017,84,10,39
2369,462,6,15
2180,94,5,77
2901,359,1,47
294,184,8,12
4455,440,5,14
2624,492,3,82
2663,330,2,14
2546,281,6,96
2647,478,8,2
3757,266,4,57
4136,374,1,50
4471,191,1,77
4914,475,4,2
1850,327,9,58
2991,357,10,29
984,244,8,98
3160,236,10,26
3178,164,10,5
4660,358,5,88
3630,232,5,33
2137,165,4,1
1808,262,7,31
1327,362,8,41
1436,400,7,98
2328,127,1,50
569,139,5,71
2383,290,8,36
778,210,5,15
3855,433,7,84
1440,330,5,14
1441,403,4,77
13,451,5,98
219,126,2,21
2475,352,9,77
892,291,5,51
1231,207,6,26
3805,421,6,55
1075,494,1,69
2438,494,8,69
3683,198,6,15
1937,5,2,81
2282,305,1,83
4423,177,5,64
2376,460,10,8
4279,369,1,84
1365,148,1,26
95,115,7,9
1375,298,6,86
2884,343,9,79
2761,430,9,32
3653,361,6,49
1983,351,2,71
1348,37,3,96
635,496,7,54
3854,251,4,5
2364,207,5,26
2847,365,2,85
2528,133,1,65
2518,185,4,38
4976,103,6,94
4734,215,8,7
155,97,4,65
1912,132,10,90
3225,260,10,16
2016,130,8,66
2766,420,10,14
4989,444,8,43
1274,261,3,4
1717,436,2,81
792,222,6,54
1052,231,8,25
3894,107,2,93
3773,474,5,20
1373,408,5,8
2782,395,10,35
4086,276,9,85
4934,46,2,26
1940,217,10,22
3835,234,1,30
3435,127,6,50
2673,396,5,54
4226,307,7,14
3646,197,5,55
2367,408,5,8
1648,169,5,53
1268,340,10,62
2992,52,5,1
4773,148,4,26
4335,117,4,18
3931,342,10,46
60,189,7,92
2152,281,7,96
2292,204,3,48
593,147,8,100
4936,408,8,8
2217,361,9,49
3652,87,1,58
2623,173,2,72
3613,464,2,29
4946,312,2,79
4067,440,7,14
122,362,4,41
1170,330,6,14
1255,291,7,51
1368,138,4,47
3370,405,8,49
986,496,6,54
2404,435,4,34
939,37,4,96
1771,106,6,40
4991,345,8,91
697,136,7,99
748,47,4,80
4976,212,9,94
3778,436,10,81
1481,20,3,79
441,361,1,49
3881,268,5,72
490,460,6,8
1042,195,5,8
683,277,6,55
4334,81,7,5
78,497,5,75
3839,465,6,38
4430,303,2,45
4643,387,7,50
3952,437,4,67
960,271,9,77
332,196,3,34
212,221,2,38
2710,31,5,10
2755,251,7,5
2293,473,5,27
2628,52,6,1
3239,482,9,64
1811,240,7,47
4341,330,8,14
1542,34,7,14
1319,323,9,36
3646,450,2,40
577,352,5,77
2645,292,5,6
88,84,8,39
796,251,9,5
2903,37,8,96
207,264,6,21
3703,240,7,47
1611,82,5,100
2338,223,9,38
1980,431,10,1
2271,403,4,77
1448,337,2,30
2135,62,6,11
3477,267,9,84
2870,47,8,80
3191,406,8,85
4936,17,2,93
2528,89,9,68
857,321,2,44
1171,378,1,37
690,476,7,29
4913,413,2,70
3125,339,10,44
2864,475,6,2
1605,464,4,29
4011,119,1,1
4220,39,6,14
4694,457,8,28
823,444,3,43
1236,263,4,39
4969,269,6,44
2832,356,3,33
4701,387,10,50
3575,493,5,33
802,475,2,2
4169,196,1,34
2544,212,4,94
4459,476,3,29
79,314,9,52
3192,123,5,86
368,338,1,11
2114,173,9,72
4172,89,7,68
2114,388,1,79
920,457,7,28
3604,227,8,68
3352,53,1,100
958,321,6,44
3661,469,7,32
1171,129,10,71
4817,335,6,76
4381,62,3,11
268,353,2,9
3760,276,7,85
2526,14,7,47
1871,371,4,75
551,13,4,99
2851,111,3,18
2295,314,4,52
3995,225,7,6
4404,38,7,62
680,253,10,11
2764,162,9,21
2054,146,10,36
3411,263,1,39
1509,27,10,2
2639,3,7,85
996,317,1,82
4970,341,8,2
2961,336,5,62
2128,281,6,96
980,469,3,32
2486,348,1,59
670,98,9,24
140,55,10,70
413,456,3,42
936,468,8,54
112,490,2,44
2282,24,10,41
4374,140,9,95
730,155,9,49
3079,384,5,81
643,272,9,50
2291,322,1,37
1693,81,9,5
2175,360,3,4
1957,401,10,11
435,248,10,1
1321,55,3,70
3887,281,9,96
3515,410,7,23
4750,169,4,53
1919,278,9,93
3791,12,4,14
2779,214,6,89
1012,403,6,77
1798,412,4,75
2,473,9,27
4869,103,2,94
2552,425,1,33
1521,60,10,43
1756,367,9,13
4260,127,10,50
3883,131,9,87
625,245,6,61
4470,479,10,79
1892,112,7,25
3308,383,7,49
2661,297,6,44
3420,316,8,84
1143,271,7,77
2189,358,9,88
3363,69,2,57
2937,176,8,100
2772,6,2,87
2912,392,8,32
1921,454,9,17
4041,222,1,54
1670,44,6,28
4496,173,6,72
725,247,4,65
1884,387,3,50
4413,339,4,44
4324,62,7,11
2845,418,3,15
51,180,7,6
1236,317,10,82
3966,176,9,100
4155,365,8,85
4844,299,2,15
2144,363,9,53
1754,312,10,79
1881,93,5,18
2216,271,6,77
880,106,6,40
969,138,2,47
1933,334,2,75
1156,182,5,18
3071,204,1,48
2204,128,9,83
218,234,6,30
3637,424,7,15
1298,396,7,54
2077,96,10,79
3771,480,6,42
517,215,4,7
3415,271,10,77
1217,283,6,46
1724,71,2,48
538,65,6,77
1452,26,3,88
402,254,6,67
3943,432,3,38
735,423,5,57
1032,281,10,96
73,222,9,54
2648,416,7,81
2754,320,5,36
4858,26,1,88
4800,460,7,8
766,30,3,68
1693,266,2,57
3723,216,9,66
2573,285,8,18
1518,200,4,68
3801,409,4,26
3673,163,2,17
857,161,10,42
2550,459,2,96
4733,461,5,44
4585,440,7,14
865,171,3,53
1091,69,10,57
2798,487,6,47
2753,157,10,52
1612,109,3,17
3447,171,2,53
2118,396,1,54
4825,471,1,49
3002,58,5,13
4939,35,7,34
4679,414,1,6
4293,201,9,87
3325,480,1,42
2468,331,8,46
4089,156,7,34
1745,185,5,38
3480,334,5,75
2870,178,2,91
3776,433,6,84
984,7,1,4
262,251,5,5
2218,316,6,84
2154,300,9,11
4266,153,5,16
125,350,2,100
4173,10,1,79
4852,212,2,94
4425,22,7,12
4993,113,7,78
2631,243,2,55
1309,423,4,57
2151,311,4,75
1469,323,7,36
4636,297,5,44
1787,113,9,78
3398,431,8,1
956,74,9,28
411,280,4,86
1290,131,10,87
3565,384,10,81
1902,79,6,88
3072,496,7,54
4187,193,5,99
1963,403,9,77
2293,407,8,52
4808,460,3,8
3529,93,1,18
2843,194,10,51
3686,186,9,36
3273,311,10,75
2247,123,6,86
4683,457,4,28
4964,174,8,80
76,411,2,45
1863,195,4,8
1538,82,1,100
40,189,9,92
1777,485,10,61
4460,178,10,91
1029,486,5,30
932,356,5,33
3501,335,2,76
4576,32,2,27
2180,125,8,14
3871,350,8,100
4305,261,8,4
1592,389,1,69
2055,314,6,52
2075,157,2,52
834,307,2,14
1467,100,3,100
655,120,6,23
3553,488,4,31
1561,333,5,60
3730,446,3,9
2460,73,7,40
1342,145,10,75
1927,326,4,88
3666,101,5,19
3322,120,7,23
3302,474,7,20
1135,274,2,1
1525,301,5,28
2672,299,3,15
3206,416,5,81
1832,38,1,62
935,49,9,99
4070,152,10,11
4311,423,6,57
4293,110,10,8
4542,4,9,8
4552,325,4,59
1118,333,1,60
2403,34,9,14
2033,200,9,68
3653,366,8,68
3929,406,7,85
3135,271,5,77
1537,236,1,26
1590,178,6,91
1299,13,4,99
2401,273,6,60
318,287,9,31
4668,214,9,89
3032,322,5,37
4089,42,10,66
4553,464,6,29
306,327,7,58
1748,496,9,54
2612,393,10,3
1135,157,5,52
1091,208,7,11
101,346,8,48
4083,369,6,84
998,472,2,68
1937,100,4,100
3912,409,8,26
1681,222,3,54
3448,36,7,65
1810,233,7,85
3457,76,4,19
1711,413,3,70
4340,201,9,87
24,433,3,84
2492,93,7,18
1142,221,7,38
821,443,5,37
1853,287,3,31
1271,28,8,22
1056,382,9,22
2259,482,4,64
1112,302,8,62
298,371,2,75
2044,489,5,52
2766,181,1,77
1103,218,8,25
4031,193,7,99
4500,43,8,26
2514,183,3,59
2770,44,7,28
4435,104,5,47
468,46,1,26
3357,10,7,79
4721,273,5,60
990,453,2,5
890,147,1,100
1188,71,4,48
2467,203,9,15
1039,94,9,77
4764,398,9,90
92,431,7,1
379,391,2,8
1783,372,4,99
1771,467,2,81
1076,482,9,64
4104,363,9,53
2400,399,2,66
1914,295,6,16
3352,186,4,36
4976,463,1,27
3022,180,5,6
2082,10,8,79
785,286,4,66
2961,404,5,29
2291,98,1,24
822,84,5,39
4369,144,5,11
2957,325,8,59
241,113,5,78
4886,56,8,30
3659,473,9,27
4480,241,2,20
2239,327,3,58
4483,392,5,32
1464,121,7,69
2161,339,4,44
4974,485,1,61
1758,184,10,12
1813,91,10,24
4682,45,5,86
2093,186,5,36
2229,163,5,17
272,187,3,81
3588,438,8,51
848,223,4,38
251,318,2,100
4913,159,4,5
4171,258,1,86
3175,336,4,62
2562,197,2,55
510,479,4,79
2603,490,7,44
2490,278,1,93
2112,470,2,68
1584,121,2,69
533,330,3,14
4242,399,7,66
884,138,7,47
257,474,5,20
273,110,10,8
3602,282,7,65
3156,48,7,13
3472,464,4,29
2416,458,9,34
3980,456,6,42
1628,236,6,26
3123,404,1,29
2158,114,5,15
288,316,4,84
2916,255,3,64
556,332,9,30
4210,226,8,1
4423,142,3,24
3815,72,9,38
3855,494,3,69
2938,64,2,79
622,121,2,69
3476,456,3,42
3592,195,9,8
3079,28,10,22
3957,95,10,92
659,178,9,91
2098,316,7,84
3801,88,4,48
3694,458,8,34
1742,124,6,1
3362,395,4,35
1312,60,2,43
778,89,7,68
105,422,2,56
2419,330,7,14
3999,441,8,1
3815,276,1,85
3536,381,4,31
4731,424,5,15
4302,99,9,41
3110,428,3,31
2092,390,6,85
2772,157,9,52
2236,295,8,16
2689,292,10,6
4353,134,9,1
2373,14,6,47
1647,234,6,30
4081,105,5,63
3023,486,3,30
4535,482,5,64
784,7,8,4
4253,498,4,24
2843,387,6,50
3268,459,3,96
4246,255,3,64
4702,256,1,88
1729,135,5,88
929,60,9,43
3983,198,2,15
3151,412,6,75
233,227,7,68
3317,187,9,81
1270,320,4,36
1793,316,4,84
571,365,5,85
3211,424,5,15
4900,451,6,98
1068,87,4,58
1560,358,8,88
1226,399,4,66
1150,324,2,84
338,49,4,99
318,41,9,20
4725,483,7,61
328,265,4,96
3045,67,9,27
2800,140,5,95
2757,460,9,8
1676,144,3,11
696,368,7,15
872,56,5,30
674,401,1,11
1299,46,5,26
2298,362,4,41
2507,329,8,100
369,259,7,15
662,292,3,6
4734,400,1,98
3463,267,2,84
103,267,3,84
1800,483,8,61
328,228,3,28
2995,15,1,40
4301,130,2,66
290,252,2,19
1770,101,8,19
4731,134,7,1
2613,308,1,8
3403,135,10,88
2324,322,7,37
2111,399,8,66
64,163,2,17
1596,392,2,32
4474,119,9,1
4903,426,8,91
3827,163,3,17
1477,384,7,81
1487,82,3,100
4085,349,8,77
3823,347,1,27
287,345,10,91
4510,258,7,86
2120,167,9,6
1693,393,5,3
230,482,6,64
3376,84,4,39
855,284,6,38
475,58,6,13
705,223,8,38
3609,266,1,57
3674,447,7,27
4208,237,2,28
4792,476,9,29
230,2,5,7
241,52,6,1
380,252,9,19
4090,245,8,61
3201,355,5,53
5000,133,10,65
2532,11,3,65
3281,425,1,33
2588,55,2,70
3585,268,9,72
3618,4,3,8
1052,209,9,52
4555,385,3,40
3891,148,5,26
2625,115,3,9
624,152,4,11
331,358,5,88
2748,281,3,96
4767,2,6,7
810,329,10,100
248,427,5,8
2768,406,2,85
308,57,1,70
565,93,6,18
3356,318,2,100
4325,494,5,69
3879,125,1,14
3564,375,8,57
2748,451,7,98
2886,394,4,18
1136,491,6,60
1964,443,1,37
1540,101,8,19
1040,366,3,68
1672,204,2,48
1088,227,6,68
2674,354,10,94
484,303,9,45
3093,475,3,2
321,165,5,1
2559,124,9,1
650,442,7,57
2107,80,2,76
3057,281,6,96
185,139,1,71
2574,100,10,100
1085,396,10,54
4924,482,2,64
2334,65,7,77
3193,224,9,11
2033,438,8,51
891,120,7,23
2739,440,3,14
1519,398,2,90
1122,81,2,5
3349,281,9,96
962,322,1,37
3113,33,9,7
2096,416,1,81
1195,466,8,51
4377,426,7,91
2830,25,1,43
3226,327,6,58
4983,266,1,57
951,387,10,50
4883,441,4,1
3916,271,8,77
4554,314,1,52
641,319,8,83
1340,220,6,75
1916,146,7,36
3352,116,4,61
730,499,5,38
6,67,5,27
4183,129,4,71
2617,120,8,23
4097,170,3,70
2635,141,7,100
3641,255,6,64
