4542,444,3,43
1199,278,10,93
216,209,6,52
792,272,7,50
766,405,7,49
2310,458,5,34
3811,196,1,34
1642,150,3,74
4187,153,10,16
237,94,6,77
4872,435,10,34
2010,377,8,65
4659,312,5,79
3657,500,3,2
3185,177,8,64
910,401,7,11
3490,217,1,22
2525,136,7,99
4055,337,2,30
2271,40,8,4
1026,349,1,77
4489,184,9,12
3329,170,1,70
3598,320,5,36
3487,233,7,85
3872,115,6,9
3212,411,8,45
291,92,2,75
3116,448,2,18
4183,111,10,18
1350,395,4,35
4840,378,1,37
1887,487,8,47
2056,400,9,98
2051,6,4,87
2699,46,2,26
1989,254,7,67
4574,285,10,18
83,446,10,9
3761,200,4,68
4571,408,10,8
3507,311,10,75
2070,465,5,38
1813,233,5,85
4161,61,9,8
4990,380,1,42
3206,326,9,88
1656,89,4,68
3716,125,2,14
2615,259,9,15
3808,164,10,5
3060,236,4,26
71,78,1,5
1380,325,1,59
2477,343,3,79
3642,3,5,85
1926,22,4,12
3061,51,8,83
2859,421,1,55
538,353,1,9
1512,334,10,75
587,112,2,25
795,300,4,11
4544,184,1,12
904,23,9,51
3104,266,2,57
1055,433,2,84
1532,106,1,40
3816,258,5,86
447,147,8,100
2803,458,1,34
4291,133,4,65
3961,232,3,33
2252,309,8,81
2325,46,4,26
34,303,9,45
930,416,7,81
3525,125,4,14
3218,318,6,100
3930,74,4,28
3867,337,6,30
3023,426,10,91
126,340,2,62
1645,160,5,87
3246,257,8,22
4053,2,1,7
2808,488,9,31
495,428,6,31
874,407,6,52
3963,259,3,15
4136,127,10,50
832,282,5,65
3141,253,9,11
4529,220,5,75
3742,459,1,96
3222,261,9,4
4629,13,2,99
1003,169,1,53
1464,89,7,68
4080,290,4,36
4962,266,1,57
292,218,3,25
3487,398,1,90
3902,292,2,6
1402,33,5,7
1146,181,9,77
3607,413,10,70
4093,199,10,12
1185,302,1,62
4116,263,4,39
4930,383,3,49
1199,38,6,62
3596,469,3,32
480,465,5,38
3568,298,6,86
1935,466,3,51
1410,57,10,70
3705,302,3,62
669,447,6,27
1883,328,5,30
3271,55,7,70
461,362,7,41
2262,278,3,93
2267,288,2,4
2094,136,7,99
3501,163,3,17
225,244,6,98
1933,345,2,91
3489,477,5,71
3732,56,9,30
745,336,5,62
2076,89,5,68
183,277,5,55
322,395,8,35
475,260,2,16
1454,377,1,65
850,186,10,36
2602,238,7,12
1177,419,1,100
1850,377,9,65
1035,366,7,68
3223,126,9,21
2160,335,4,76
3827,14,2,47
211,196,4,34
1526,253,3,11
4960,489,7,52
294,113,1,78
632,110,1,8
3988,63,10,26
1863,421,3,55
145,10,4,79
3281,29,6,65
2263,20,4,79
3658,345,4,91
1149,345,6,91
3159,16,3,13
4018,53,5,100
4338,431,4,1
474,373,9,74
858,383,5,49
2753,480,3,42
2975,110,2,8
1489,423,1,57
1956,140,4,95
2028,310,2,30
100,10,10,79
1317,110,6,8
429,224,5,11
3809,92,5,75
1406,51,9,83
1740,45,10,86
4330,468,9,54
3409,246,7,32
4314,480,9,42
4699,493,6,33
2900,364,3,86
4100,461,6,44
4834,113,4,78
3046,321,10,44
3235,197,5,55
1529,131,3,87
4132,99,2,41
1685,400,6,98
4732,382,7,22
1381,306,1,27
456,161,7,42
2954,35,6,34
4965,188,2,89
3972,118,7,34
4332,420,3,14
1423,45,1,86
4138,139,2,71
4989,223,6,38
2237,312,10,79
2982,188,2,89
4084,154,9,4
3399,295,7,16
4484,462,7,15
4969,277,8,55
3247,199,10,12
3201,112,1,25
2875,186,8,36
1785,95,6,92
645,204,6,48
2623,151,7,21
211,461,10,44
2650,453,5,5
227,23,8,51
64,281,4,96
619,488,9,31
2995,75,4,86
4047,484,9,54
1916,224,10,11
1167,127,4,50
723,207,6,26
4260,250,2,63
499,303,7,45
3003,322,6,37
1408,173,4,72
443,168,7,6
4928,401,5,11
539,423,10,57
274,348,4,59
2271,124,10,1
3604,316,2,84
4376,202,8,27
3846,332,7,30
3,315,4,88
502,118,3,34
2393,418,9,15
973,395,4,35
1875,343,1,79
1968,209,1,52
2124,415,4,7
107,312,1,79
2894,51,5,83
2229,217,10,22
1271,245,10,61
252,159,3,5
4076,362,2,41
1821,211,7,13
1271,131,1,87
4104,17,6,93
3825,498,1,24
1491,288,2,4
781,159,4,5
4584,407,3,52
3020,1,4,50
3037,15,4,40
1368,455,1,42
3162,323,9,36
2509,316,6,84
4426,16,10,13
251,36,2,65
3591,88,6,48
4307,456,10,42
3194,444,5,43
3236,103,8,94
3804,432,5,38
182,411,6,45
1390,370,1,76
4950,244,9,98
2886,307,2,14
3319,200,3,68
3224,264,9,21
3564,423,10,57
270,455,7,42
3601,116,7,61
3597,215,4,7
466,174,10,80
2645,486,8,30
3219,452,7,55
2039,440,5,14
482,273,7,60
3434,29,8,65
2060,172,3,79
2839,348,9,59
16,254,3,67
4231,183,6,59
2290,366,1,68
1863,463,8,27
2539,460,6,8
971,406,9,85
992,457,6,28
933,30,3,68
4880,243,6,55
3120,482,10,64
4811,345,2,91
3107,146,8,36
2141,279,9,77
141,367,4,13
1921,130,10,66
2667,221,5,38
2111,6,5,87
4198,362,7,41
605,349,4,77
2983,176,7,100
4992,325,4,59
4888,304,7,99
4050,11,6,65
2382,87,4,58
2105,415,2,7
722,207,5,26
2387,218,9,25
1530,290,6,36
2455,56,9,30
3533,214,8,89
3316,456,4,42
1102,24,7,41
1990,391,8,8
1340,236,10,26
2224,90,1,3
1181,270,6,21
2567,134,6,1
3824,184,3,12
3959,370,8,76
2046,258,6,86
4079,397,5,74
3883,365,8,85
4387,155,1,49
843,43,6,26
806,83,4,97
741,201,3,87
4190,1,9,50
544,430,10,32
360,42,6,66
3907,64,7,79
4203,67,10,27
3791,257,7,22
2132,58,2,13
2283,303,5,45
2614,409,1,26
3234,147,6,100
1846,355,3,53
4950,162,3,21
1098,209,9,52
3058,396,7,54
1131,440,3,14
605,271,4,77
3766,237,7,28
2092,272,7,50
3169,344,3,69
84,62,10,11
4380,301,4,28
2883,109,1,17
761,337,1,30
2732,387,5,50
1647,371,2,75
4800,285,7,18
787,424,7,15
99,279,6,77
271,92,5,75
750,65,7,77
3308,143,8,95
2271,238,7,12
4468,195,5,8
1041,412,6,75
4805,95,1,92
1825,244,9,98
595,22,6,12
2054,140,6,95
2147,137,4,72
76,404,6,29
3545,493,7,33
853,352,4,77
255,440,10,14
717,386,5,23
4202,11,5,65
2771,199,4,12
754,214,5,89
1909,59,2,29
1918,19,6,47
3108,484,9,54
2535,324,1,84
3282,488,7,31
632,251,2,5
3373,23,1,51
4229,8,9,73
3477,225,10,6
195,116,7,61
1528,128,1,83
1479,329,5,100
3204,217,4,22
3403,82,8,100
2800,359,3,47
4722,46,2,26
3169,354,4,94
1012,277,5,55
491,328,7,30
3443,136,5,99
1402,379,3,51
810,238,2,12
2079,489,5,52
2818,263,10,39
343,251,7,5
2774,355,4,53
1484,75,9,86
3471,293,1,25
3907,129,2,71
432,232,7,33
2153,482,8,64
2055,197,7,55
2459,255,6,64
4286,482,6,64
1923,88,6,48
4955,62,7,11
26,331,6,46
3689,39,2,14
800,461,1,44
3246,136,7,99
4733,48,9,13
4464,142,4,24
3361,145,6,75
1809,253,10,11
3115,478,5,2
4619,54,10,31
4901,243,10,55
3821,9,8,74
3653,5,6,81
3492,497,8,75
2074,479,2,79
3932,243,7,55
2708,165,6,1
3556,466,6,51
4621,22,3,12
4461,500,6,2
64,381,10,31
4177,435,7,34
2499,378,7,37
1474,250,8,63
4885,264,4,21
4969,182,3,18
4360,213,10,85
3839,58,2,13
2425,404,10,29
2277,67,8,27
3868,44,3,28
1978,188,8,89
4025,362,2,41
635,39,5,14
3166,446,2,9
1313,256,9,88
1137,167,6,6
3641,240,8,47
1856,245,8,61
684,230,7,42
1707,315,7,88
3266,148,5,26
697,381,10,31
4849,131,3,87
1768,88,7,48
1759,409,6,26
361,295,8,16
782,115,9,9
4266,385,1,40
3973,179,1,97
4174,494,4,69
3327,39,6,14
1131,296,4,12
3662,350,3,100
2965,398,5,90
2116,455,6,42
4878,10,2,79
4463,239,4,96
260,289,8,8
310,321,6,44
67,323,6,36
3468,481,9,82
1684,283,4,46
2934,181,3,77
1657,46,10,26
2250,25,9,43
1852,438,4,51
4402,53,10,100
3621,191,8,77
4298,198,1,15
2040,112,6,25
2853,273,5,60
4952,220,10,75
2238,116,2,61
2256,477,1,71
3185,249,1,86
637,249,1,86
4858,97,10,65
4,421,9,55
1804,60,2,43
3696,300,3,11
1993,301,9,28
85,270,4,21
3693,392,7,32
3067,230,4,42
1554,227,9,68
7,75,4,86
450,180,5,6
2658,273,4,60
1623,152,3,11
3321,169,7,53
559,485,9,61
1855,230,2,42
3169,45,6,86
766,103,9,94
1956,161,1,42
3456,291,6,51
1842,82,4,100
2902,94,3,77
708,122,8,33
221,178,4,91
296,101,5,19
342,6,5,87
4110,75,3,86
2143,88,3,48
4889,29,2,65
4190,324,4,84
370,466,6,51
394,406,7,85
4128,391,7,8
2152,369,3,84
514,193,1,99
3163,454,8,17
3484,468,8,54
1550,76,5,19
3314,484,7,54
4365,258,4,86
4153,318,5,100
4260,340,2,62
1118,117,4,18
1734,321,9,44
4549,117,7,18
4204,178,1,91
3799,134,5,1
2159,379,10,51
1856,421,3,55
3935,146,10,36
1937,275,1,84
2058,209,5,52
2303,233,8,85
3184,381,2,31
3244,148,5,26
3084,245,10,61
3654,232,1,33
293,474,3,20
829,402,5,63
1730,64,9,79
1617,157,9,52
1311,470,8,68
32,487,5,47
4841,26,2,88
3174,61,8,8
4345,319,9,83
3212,384,9,81
2678,134,6,1
594,84,4,39
2788,451,6,98
2852,355,6,53
2349,304,8,99
3054,27,5,2
1656,419,1,100
1046,114,4,15
4725,16,6,13
4149,430,8,32
3383,343,6,79
1217,361,3,49
2849,185,2,38
451,355,1,53
1603,454,2,17
752,457,3,28
3169,299,5,15
4285,440,3,14
671,19,4,47
3877,354,5,94
2024,493,2,33
104,223,10,38
1762,174,4,80
3996,176,8,100
2239,428,7,31
1968,146,7,36
3535,145,1,75
3046,423,4,57
215,97,8,65
295,74,1,28
3266,403,9,77
2823,244,7,98
3213,381,6,31
823,52,4,1
3853,292,10,6
676,208,1,11
4486,372,2,99
4589,455,3,42
2008,359,3,47
4245,367,7,13
547,172,2,79
4546,366,3,68
3351,344,2,69
3706,86,1,81
4750,40,6,4
2569,459,2,96
2405,229,5,13
3205,186,8,36
3547,493,7,33
711,81,6,5
3365,73,5,40
4676,129,3,71
2787,29,7,65
2907,234,5,30
2961,29,4,65
1225,103,5,94
3978,15,8,40
4115,340,10,62
4043,260,9,16
2249,459,6,96
3144,475,2,2
4544,186,6,36
2328,112,1,25
2669,421,5,55
373,295,3,16
2054,489,4,52
3508,130,4,66
1521,295,2,16
934,387,4,50
2563,209,6,52
1216,195,5,8
158,388,8,79
2301,489,3,52
3458,246,5,32
328,206,5,68
2566,320,1,36
1717,481,5,82
2163,135,5,88
1529,488,9,31
2812,362,1,41
3619,69,5,57
1467,341,6,2
2632,55,8,70
2181,164,3,5
521,281,6,96
4459,118,5,34
3277,182,6,18
1791,277,10,55
821,106,7,40
2566,89,4,68
4021,204,4,48
3269,138,4,47
4760,417,7,72
4651,198,8,15
4814,120,8,23
4460,143,2,95
2057,3,7,85
909,187,2,81
3557,346,3,48
4157,274,5,1
3119,167,7,6
1515,106,10,40
2035,53,3,100
3184,317,4,82
4853,353,10,9
2728,170,4,70
4070,449,9,74
4601,200,1,68
2505,182,9,18
39,389,3,69
2620,279,10,77
4841,93,10,18
3190,361,8,49
363,432,2,38
4354,139,4,71
4796,28,6,22
3088,33,3,7
2514,94,4,77
2938,327,5,58
1123,421,3,55
4966,421,3,55
4181,147,2,100
794,171,2,53
4373,101,9,19
1842,489,3,52
2119,405,6,49
1857,145,1,75
4039,246,1,32
2501,430,2,32
1110,242,1,93
1316,395,7,35
749,154,8,4
1542,182,4,18
1801,152,5,11
3470,151,9,21
3428,346,6,48
425,214,10,89
2071,142,8,24
22,483,5,61
4374,53,3,100
1605,165,5,1
361,120,4,23
1970,58,2,13
2841,147,6,100
4495,370,8,76
397,126,10,21
848,64,1,79
1348,85,4,43
2138,121,4,69
2446,394,3,18
2149,102,3,37
4671,486,3,30
2416,83,3,97
2428,372,6,99
2127,488,7,31
678,352,6,77
4931,205,5,44
1637,255,9,64
4620,201,8,87
2826,178,9,91
3013,112,1,25
4766,433,9,84
2869,101,2,19
4165,378,3,37
2575,119,3,1
3978,181,8,77
205,66,9,77
4591,59,3,29
2517,420,8,14
4741,106,4,40
3618,62,8,11
1802,236,6,26
598,177,9,64
476,120,1,23
342,325,1,59
1830,152,5,11
914,203,3,15
1411,478,10,2
4255,279,3,77
3586,162,3,21
2692,390,5,85
4115,47,5,80
3002,260,1,16
3937,126,6,21
3072,25,4,43
4943,337,5,30
1486,168,6,6
3188,178,5,91
767,52,7,1
267,237,6,28
372,326,5,88
9,115,7,9
1510,220,7,75
4074,177,8,64
540,93,6,18
4792,479,10,79
3533,178,5,91
945,44,2,28
4586,455,3,42
1326,384,2,81
2707,241,1,20
4228,277,1,55
992,82,9,100
1776,392,5,32
2104,286,2,66
3044,334,3,75
1676,340,6,62
1334,424,1,15
4643,149,2,24
2810,249,8,86
2033,290,5,36
4969,215,6,7
610,11,1,65
3828,424,2,15
1676,29,5,65
1339,287,9,31
1145,415,6,7
4738,29,1,65
2316,363,3,53
1914,491,1,60
3586,42,8,66
3949,342,3,46
4652,109,3,17
2849,165,9,1
2675,339,3,44
1340,118,9,34
1557,358,4,88
1259,232,3,33
3381,147,5,100
3323,418,8,15
1484,268,9,72
2644,369,10,84
4577,54,6,31
1001,296,8,12
1418,326,4,88
4253,410,2,23
3846,96,6,79
3773,77,9,42
778,394,3,18
4668,191,10,77
302,220,5,75
846,367,7,13
4756,100,10,100
3807,333,5,60
3840,211,8,13
3621,301,5,28
2600,281,1,96
4667,391,3,8
2471,136,4,99
1601,47,6,80
2326,87,9,58
53,228,2,28
1967,435,6,34
4118,114,7,15
1385,142,2,24
3548,240,2,47
3808,336,5,62
2801,256,6,88
396,297,9,44
4177,118,5,34
3724,403,3,77
1771,226,4,1
1637,82,4,100
1285,275,1,84
498,350,8,100
688,99,2,41
221,178,9,91
3133,77,8,42
2486,283,1,46
109,133,7,65
4233,481,8,82
2660,241,10,20
2504,487,8,47
2027,404,10,29
315,286,2,66
797,496,10,54
2634,16,7,13
1163,458,7,34
1545,268,4,72
2132,353,5,9
2150,385,4,40
2551,102,3,37
4078,410,1,23
4945,77,6,42
4668,75,8,86
2602,401,9,11
3551,353,4,9
2888,440,3,14
4945,101,4,19
2389,455,9,42
4741,189,10,92
2031,156,8,34
3131,468,8,54
4837,452,7,55
3161,121,4,69
2373,488,2,31
3123,111,10,18
1477,38,10,62
4366,163,1,17
4659,434,9,100
394,440,5,14
2693,347,6,27
727,311,4,75
2554,318,2,100
2188,263,8,39
565,223,8,38
3409,31,4,10
4162,63,9,26
1651,209,2,52
2385,312,6,79
555,126,6,21
3762,57,9,70
26,409,7,26
2490,427,2,8
2898,56,7,30
2921,245,7,61
4707,307,10,14
2437,360,7,4
2873,294,6,57
3256,385,9,40
2371,167,6,6
4291,190,7,83
2292,362,9,41
4681,120,2,23
1633,168,4,6
1454,200,6,68
4917,96,9,79
608,385,8,40
4462,122,3,33
2020,164,3,5
1207,212,4,94
149,48,10,13
3959,145,3,75
3859,181,3,77
2824,234,3,30
2419,499,8,38
1383,16,8,13
3296,253,5,11
1044,344,8,69
3768,483,2,61
496,143,2,95
1500,474,5,20
4236,95,4,92
1641,287,4,31
2720,330,9,14
2140,302,9,62
948,359,8,47
4994,409,3,26
3257,22,2,12
2501,49,4,99
3587,341,3,2
608,244,9,98
49,305,8,83
185,326,4,88
3485,277,8,55
4826,138,3,47
1369,394,3,18
314,327,1,58
3845,393,10,3
3634,238,3,12
4129,179,2,97
1257,390,7,85
3990,261,3,4
2292,356,7,33
3073,256,6,88
2410,1,2,50
1383,92,7,75
3849,202,9,27
4971,73,10,40
3231,430,3,32
4246,476,7,29
3660,319,1,83
1269,416,1,81
3871,140,3,95
3685,451,8,98
542,218,6,25
4571,341,5,2
2002,234,4,30
4698,106,6,40
487,480,7,42
1913,251,4,5
1707,247,7,65
3874,146,3,36
2588,59,2,29
2151,305,4,83
538,483,6,61
4117,309,9,81
3568,43,3,26
4702,150,1,74
243,451,1,98
1460,11,6,65
3536,476,4,29
1520,385,8,40
1984,240,6,47
4685,259,9,15
1199,354,9,94
4315,12,3,14
2727,207,6,26
2673,482,3,64
2882,388,10,79
3998,140,1,95
1936,266,10,57
3093,431,4,1
473,296,10,12
4957,70,5,63
1142,222,6,54
4093,117,2,18
1588,352,9,77
1896,57,4,70
4136,225,3,6
3966,454,2,17
3806,275,7,84
4233,260,10,16
3789,439,6,14
18,261,2,4
1648,331,6,46
3098,120,9,23
2473,285,3,18
766,43,8,26
148,10,5,79
2965,268,7,72
1111,79,5,88
3910,205,2,44
1269,449,9,74
1749,25,8,43
804,366,1,68
338,22,2,12
2248,129,9,71
859,101,5,19
2461,181,10,77
2,473,10,27
2441,149,4,24
3276,2,1,7
2293,237,3,28
124,438,5,51
4308,421,2,55
2142,35,6,34
4350,345,3,91
1326,27,5,2
3886,24,9,41
3858,172,3,79
4419,125,5,14
1934,65,3,77
1441,1,1,50
651,109,2,17
1230,335,10,76
1470,69,5,57
4736,284,8,38
1805,354,2,94
1708,440,8,14
1125,22,3,12
1333,240,3,47
3601,400,3,98
322,244,10,98
120,93,9,18
572,391,4,8
4998,442,5,57
4123,156,4,34
4456,445,5,75
2331,413,6,70
3363,7,2,4
4960,357,8,29
2636,51,7,83
4346,374,2,50
1471,390,1,85
1044,386,2,23
1247,469,6,32
4545,219,3,34
3354,397,4,74
1458,140,1,95
420,215,4,7
674,190,7,83
1653,179,9,97
1813,343,1,79
637,499,8,38
1580,315,9,88
4556,104,10,47
187,314,2,52
810,168,6,6
2857,147,1,100
2628,210,8,15
4693,311,5,75
2942,306,7,27
1853,221,9,38
1592,442,8,57
4303,68,10,72
4158,357,10,29
355,228,3,28
2030,498,7,24
1055,401,10,11
2850,360,8,4
78,271,5,77
4760,74,10,28
4469,34,9,14
62,276,9,85
969,361,2,49
501,369,6,84
1839,418,1,15
2329,318,10,100
2300,97,1,65
638,375,5,57
1935,260,9,16
3476,110,5,8
187,346,3,48
2013,54,9,31
4466,123,7,86
406,403,10,77
1380,380,1,42
4856,170,7,70
4567,372,10,99
1500,276,8,85
30,322,10,37
3628,36,10,65
4297,323,10,36
4758,192,10,35
4769,252,1,19
4276,363,4,53
2474,446,6,9
563,50,7,46
3726,198,6,15
2050,346,9,48
1846,466,9,51
2230,43,9,26
4179,47,10,80
1157,75,3,86
3224,281,6,96
410,442,10,57
1986,455,7,42
4161,470,7,68
4163,41,5,20
4504,475,4,2
4176,120,4,23
2005,153,7,16
4120,131,5,87
3913,372,10,99
2934,332,9,30
94,172,2,79
2696,188,3,89
743,257,7,22
3469,461,10,44
3346,124,3,1
1223,346,3,48
4581,486,8,30
2659,406,4,85
3287,326,1,88
820,336,10,62
1199,327,5,58
1676,390,1,85
3162,334,7,75
3912,146,2,36
4844,108,5,7
2383,467,8,81
4972,445,1,75
4554,71,1,48
127,479,7,79
1927,264,8,21
152,161,4,42
2267,69,7,57
580,416,8,81
778,37,8,96
4712,215,10,7
3436,299,8,15
287,416,8,81
3881,415,10,7
3853,488,4,31
3562,79,9,88
2152,258,2,86
861,48,6,13
3725,482,7,64
1218,148,5,26
4723,238,3,12
2947,109,6,17
871,141,3,100
933,143,8,95
68,43,1,26
4932,412,7,75
3867,70,4,63
4659,485,9,61
2238,344,1,69
3235,242,9,93
1430,155,6,49
4604,173,5,72
3284,367,2,13
4011,333,9,60
626,413,8,70
4136,92,7,75
3392,368,5,15
1261,119,1,1
2147,227,10,68
2404,102,9,37
3649,142,9,24
388,177,8,64
180,325,2,59
630,324,2,84
2466,24,7,41
3917,135,2,88
3440,362,2,41
87,300,5,11
2933,442,9,57
3462,130,3,66
2165,31,1,10
2324,77,3,42
2542,173,6,72
2801,125,5,14
988,245,1,61
2392,367,7,13
4442,217,4,22
3405,186,2,36
3900,165,8,1
1063,124,10,1
1192,498,2,24
2250,164,4,5
2476,130,1,66
2531,109,6,17
216,331,6,46
4087,406,8,85
2776,31,6,10
4260,128,6,83
327,444,8,43
986,239,3,96
2731,143,1,95
4687,380,3,42
3093,83,3,97
1963,101,2,19
4899,36,6,65
3349,295,3,16
1101,31,7,10
4718,312,8,79
403,17,3,93
2198,292,6,6
2299,368,1,15
771,222,6,54
2171,196,7,34
65,252,8,19
1299,250,3,63
508,429,9,63
4714,100,5,100
4810,450,9,40
2438,105,4,63
3026,22,4,12
2316,114,2,15
2623,167,7,6
4383,9,5,74
3956,182,4,18
2392,51,7,83
2392,473,7,27
2307,52,2,1
3926,120,2,23
72,354,6,94
2050,48,7,13
4615,138,6,47
3834,184,4,12
1580,409,4,26
4687,491,10,60
2411,121,7,69
4925,215,10,7
4944,175,1,83
2901,193,10,99
2756,469,1,32
3208,152,4,11
3330,432,9,38
4376,149,4,24
4870,206,1,68
4122,4,7,8
2497,45,8,86
383,208,8,11
2160,446,8,9
879,112,6,25
4144,246,8,32
3807,29,7,65
1817,371,10,75
2752,34,4,14
2385,42,9,66
1822,119,4,1
4961,114,2,15
622,341,3,2
2541,466,4,51
3031,190,4,83
1666,2,8,7
4500,441,10,1
4128,444,9,43
3270,208,3,11
1004,35,7,34
2696,48,2,13
785,159,1,5
3728,420,8,14
4679,38,3,62
1093,189,3,92
456,155,5,49
2426,258,10,86
2027,404,2,29
1233,142,10,24
4297,71,6,48
3891,150,7,74
3075,383,10,49
270,40,4,4
1373,474,1,20
1016,471,9,49
512,296,10,12
1575,66,7,77
2137,103,6,94
2403,439,2,14
2306,170,3,70
433,360,3,4
3910,209,2,52
96,336,1,62
264,225,1,6
1060,112,10,25
3776,204,4,48
581,146,9,36
144,113,6,78
3661,203,7,15
3571,230,10,42
3956,260,3,16
1442,153,1,16
777,164,8,5
4584,270,4,21
943,302,3,62
334,111,7,18
416,61,4,8
1918,444,5,43
4128,426,10,91
1118,321,8,44
283,24,2,41
2243,46,7,26
515,455,6,42
4782,267,4,84
2331,399,2,66
3226,386,5,23
4937,475,2,2
3503,169,4,53
2440,424,2,15
2224,476,8,29
4347,212,6,94
3059,356,8,33
411,290,10,36
2536,371,1,75
4672,409,6,26
3754,40,2,4
3633,44,2,28
3045,108,9,7
4709,36,8,65
1386,400,9,98
205,69,9,57
1165,331,1,46
4503,80,10,76
4845,144,2,11
2488,75,8,86
2563,399,2,66
3359,254,5,67
4884,105,2,63
3488,141,6,100
2910,433,5,84
2970,492,8,82
3193,250,6,63
442,147,7,100
2013,337,10,30
4915,329,8,100
1538,93,7,18
446,19,10,47
1901,405,6,49
3974,441,1,1
1113,212,4,94
206,426,8,91
954,267,5,84
3491,401,6,11
4280,380,7,42
4025,58,1,13
4201,199,5,12
4612,163,4,17
4137,29,5,65
3642,240,5,47
1231,250,2,63
52,364,9,86
1907,425,8,33
4457,483,9,61
3267,109,4,17
1965,375,4,57
4489,378,10,37
3803,371,4,75
3047,213,1,85
4925,18,9,51
4316,494,9,69
4731,83,2,97
340,379,10,51
14,437,1,67
536,498,6,24
3052,134,1,1
2643,25,6,43
783,235,10,95
1692,75,4,86
1417,445,6,75
145,409,3,26
3507,477,1,71
826,338,8,11
3092,171,10,53
3683,86,3,81
1317,213,5,85
1438,421,7,55
1887,171,5,53
2111,453,8,5
3686,195,9,8
3115,100,6,100
555,78,2,5
1500,206,1,68
2229,378,6,37
3160,462,9,15
1507,128,5,83
3696,481,4,82
2785,174,7,80
3218,250,8,63
4164,424,8,15
4423,432,2,38
4508,204,9,48
971,303,4,45
1411,369,1,84
2221,313,1,8
2214,181,8,77
951,358,6,88
1235,121,8,69
3201,484,4,54
228,169,1,53
4399,15,7,40
4690,193,8,99
2754,424,2,15
212,426,2,91
4614,162,3,21
4294,171,7,53
1454,432,6,38
1055,32,1,27
3624,197,5,55
962,452,9,55
4262,103,5,94
2052,98,8,24
450,140,6,95
2447,342,5,46
3870,88,1,48
4452,55,3,70
1149,124,6,1
2049,166,1,73
2240,174,10,80
4942,345,6,91
2092,401,10,11
279,391,10,8
3409,132,3,90
1480,416,5,81
3868,188,1,89
2918,146,9,36
1444,361,2,49
3215,260,9,16
42,377,2,65
3075,173,10,72
4635,244,4,98
4253,179,3,97
2696,198,6,15
284,300,5,11
3692,163,2,17
3301,209,6,52
4929,312,10,79
1722,380,2,42
1609,161,8,42
4533,362,5,41
3699,326,6,88
3404,411,3,45
2256,47,4,80
3000,223,1,38
236,417,8,72
1107,77,3,42
3538,100,3,100
478,430,6,32
3381,248,10,1
3030,164,3,5
280,377,6,65
3113,476,2,29
1035,345,7,91
1345,427,9,8
2735,81,4,5
1094,120,8,23
1796,260,9,16
4527,377,5,65
1693,320,5,36
2365,117,4,18
661,60,4,43
1970,354,7,94
4172,304,7,99
2854,158,4,63
698,80,8,76
1715,96,9,79
4700,497,3,75
2994,203,3,15
2471,433,7,84
4858,479,9,79
2438,386,1,23
898,396,1,54
1507,249,1,86
3731,239,10,96
4203,253,4,11
3375,461,6,44
1780,124,10,1
4347,222,10,54
835,131,3,87
982,108,7,7
3500,412,6,75
2790,86,9,81
1042,230,10,42
3647,215,3,7
1035,286,10,66
1150,405,1,49
4830,227,3,68
3921,394,7,18
854,69,2,57
2235,324,6,84
2060,29,1,65
4316,338,6,11
661,373,6,74
4498,239,4,96
321,116,2,61
1148,321,7,44
4738,329,10,100
2355,278,10,93
45,363,10,53
3175,257,7,22
3092,40,5,4
2875,282,5,65
2794,389,3,69
2802,209,8,52
3059,315,1,88
2874,119,6,1
1602,479,10,79
3661,435,4,34
4517,40,2,4
2218,38,1,62
879,51,5,83
3041,339,2,44
1367,137,8,72
2245,196,10,34
1980,20,9,79
1330,357,8,29
1584,87,9,58
794,137,10,72
2090,423,4,57
1846,69,9,57
3407,318,4,100
1268,46,10,26
2446,262,8,31
496,65,6,77
2684,447,5,27
879,325,3,59
4478,232,5,33
4171,404,1,29
1867,481,2,82
296,423,7,57
2763,89,10,68
999,466,7,51
3644,89,3,68
688,297,10,44
744,148,4,26
2562,321,9,44
1032,82,5,100
1917,485,6,61
3145,307,9,14
3214,394,1,18
3365,45,8,86
845,49,7,99
4320,406,7,85
1146,317,3,82
2578,415,6,7
271,482,2,64
962,428,2,31
1791,283,6,46
78,300,5,11
1400,338,2,11
158,392,7,32
1768,54,5,31
2842,390,8,85
255,463,7,27
3606,380,10,42
2109,87,9,58
4151,460,8,8
3078,283,4,46
1783,444,8,43
2709,328,5,30
4594,224,8,11
2598,73,10,40
4874,282,2,65
3800,305,2,83
2499,9,9,74
38,159,4,5
3662,162,10,21
781,53,5,100
693,407,10,52
1240,208,8,11
4269,329,7,100
2206,426,7,91
391,48,4,13
2455,294,8,57
211,67,8,27
1989,150,6,74
320,66,9,77
1897,200,3,68
1214,250,6,63
2042,105,6,63
4161,42,6,66
685,8,3,73
784,342,4,46
859,463,5,27
4740,171,3,53
2057,383,10,49
152,310,4,30
3527,107,8,93
1578,76,1,19
2251,114,3,15
1287,21,9,63
3752,92,10,75
2986,186,3,36
4930,278,8,93
2199,419,7,100
236,41,2,20
365,352,1,77
1625,477,10,71
4934,19,5,47
2656,483,3,61
2550,282,9,65
4063,112,6,25
4561,239,4,96
3025,26,10,88
4631,317,6,82
3438,433,10,84
2548,370,9,76
4175,176,6,100
1262,317,9,82
565,29,1,65
2918,41,9,20
4895,14,4,47
2509,408,9,8
741,348,1,59
514,81,8,5
884,202,5,27
2905,111,1,18
3621,325,3,59
4273,422,10,56
4098,163,4,17
4962,331,2,46
4250,237,8,28
3611,470,6,68
1024,48,2,13
3416,443,8,37
1407,268,9,72
4909,48,2,13
2392,151,5,21
647,93,2,18
3084,243,8,55
1293,459,8,96
2686,153,5,16
560,342,4,46
2974,13,7,99
793,23,7,51
4202,119,5,1
3761,354,3,94
1428,216,8,66
3519,163,7,17
2771,489,2,52
3647,434,4,100
1169,408,7,8
4086,186,2,36
4225,84,8,39
2079,314,1,52
4395,90,9,3
4913,349,3,77
1774,226,6,1
988,447,6,27
4263,279,3,77
4980,85,9,43
881,337,4,30
2569,154,5,4
3654,333,3,60
1023,434,1,100
136,368,8,15
4672,254,7,67
3881,461,10,44
2809,248,8,1
1585,111,1,18
2115,72,9,38
2332,452,9,55
3527,334,2,75
1659,423,8,57
2871,113,2,78
1802,23,5,51
3474,441,3,1
4207,154,2,4
2433,18,4,51
2589,92,5,75
3671,243,5,55
550,292,8,6
1312,195,9,8
3784,210,9,15
4312,125,1,14
1814,173,8,72
1089,413,3,70
4548,217,5,22
3489,378,2,37
2102,460,6,8
4793,107,3,93
675,252,5,19
1725,482,3,64
2786,234,10,30
2964,489,10,52
3028,234,7,30
2303,47,2,80
2476,129,1,71
3949,149,6,24
3444,359,8,47
1221,4,4,8
4297,48,8,13
3294,413,8,70
3789,144,2,11
640,88,7,48
1916,35,3,34
2718,198,7,15
4654,346,5,48
247,443,8,37
4242,444,9,43
1650,42,5,66
1574,311,1,75
545,312,3,79
3123,353,7,9
852,482,3,64
4118,20,10,79
1058,377,9,65
2329,30,5,68
2120,376,6,80
1547,158,9,63
3917,465,5,38
2327,115,1,9
2469,379,10,51
4949,440,9,14
1912,447,7,27
351,82,8,100
4328,458,5,34
3536,303,4,45
975,393,9,3
1953,442,5,57
211,86,2,81
2068,500,9,2
3087,424,3,15
4533,456,1,42
3212,289,6,8
4690,152,4,11
2267,338,4,11
421,415,2,7
506,448,1,18
4766,466,9,51
516,42,4,66
785,132,3,90
1162,276,8,85
4915,453,3,5
4225,200,1,68
2246,1,3,50
2824,173,8,72
1144,158,1,63
3799,207,10,26
3533,111,3,18
4184,276,8,85
429,48,3,13
498,304,7,99
885,443,7,37
3620,67,4,27
1090,303,2,45
3874,97,3,65
3286,389,9,69
3175,283,1,46
3893,460,2,8
3730,482,10,64
346,239,7,96
1895,287,9,31
645,115,6,9
722,335,10,76
353,41,10,20
4402,424,7,15
1448,175,6,83
77,99,3,41
4704,279,7,77
2262,265,9,96
3222,403,3,77
4749,145,10,75
4958,145,4,75
1412,380,3,42
2504,365,3,85
3651,378,5,37
2892,267,1,84
2039,226,4,1
1720,420,5,14
4355,379,5,51
991,387,4,50
2078,108,3,7
790,80,3,76
148,9,2,74
349,336,1,62
4825,147,1,100
1836,313,2,8
4814,163,6,17
3521,10,7,79
4559,420,7,14
2032,158,3,63
1813,491,8,60
2404,385,2,40
2925,266,9,57
404,299,7,15
955,378,8,37
2361,8,2,73
4026,384,4,81
4747,250,6,63
1482,79,6,88
2435,349,9,77
3591,391,3,8
2074,341,1,2
415,474,1,20
702,478,8,2
4172,208,4,11
4392,436,2,81
1202,126,8,21
1728,167,8,6
1486,139,7,71
236,98,1,24
4147,480,9,42
4756,24,5,41
1596,285,9,18
986,33,2,7
2215,183,7,59
74,191,8,77
2856,375,5,57
4921,294,5,57
3808,198,3,15
3853,434,7,100
3962,28,1,22
4284,353,9,9
4356,417,7,72
2786,363,6,53
2256,204,5,48
4243,122,2,33
2756,9,9,74
4896,384,1,81
497,152,10,11
3870,453,7,5
3686,26,6,88
2506,351,2,71
4873,435,8,34
3686,380,10,42
3005,446,10,9
189,76,2,19
1662,243,1,55
3256,245,8,61
3044,296,4,12
719,241,3,20
1568,193,10,99
3886,360,5,4
4922,115,9,9
2030,336,10,62
2032,453,1,5
2260,500,6,2
2055,66,7,77
681,47,5,80
1470,283,3,46
2340,342,4,46
461,434,3,100
1158,145,7,75
550,199,9,12
1742,260,5,16
619,27,2,2
2216,405,4,49
3365,317,9,82
3336,255,7,64
1491,259,2,15
124,355,5,53
2684,401,9,11
990,255,5,64
2876,436,9,81
3927,180,10,6
1015,385,1,40
423,124,4,1
4227,321,5,44
2623,231,2,25
1646,474,9,20
955,145,2,75
1387,481,6,82
3076,62,7,11
394,316,4,84
2028,242,10,93
2356,164,6,5
1282,176,1,100
3996,195,1,8
2200,388,5,79
1799,294,2,57
21,472,10,68
3191,238,2,12
4465,393,4,3
2928,270,1,21
3432,463,1,27
4941,162,2,21
490,423,7,57
125,49,3,99
4539,287,7,31
4279,301,1,28
3646,101,4,19
1884,317,7,82
1303,155,5,49
2845,45,10,86
4815,449,2,74
4034,93,6,18
1121,56,7,30
285,201,8,87
3671,261,2,4
693,162,9,21
4880,82,10,100
4256,303,5,45
758,128,5,83
3868,223,8,38
4740,261,2,4
3440,240,7,47
225,317,9,82
2589,78,1,5
4628,99,5,41
1005,44,4,28
3124,302,5,62
165,192,3,35
162,18,2,51
2910,134,10,1
4060,20,7,79
653,67,10,27
871,387,10,50
1045,448,9,18
1308,363,5,53
223,339,5,44
3110,326,5,88
3370,40,9,4
417,226,4,1
841,398,5,90
1535,381,5,31
4458,284,7,38
420,130,8,66
2362,250,1,63
4841,484,5,54
2160,199,9,12
508,463,3,27
184,154,4,4
404,287,5,31
1553,42,7,66
3533,268,7,72
4842,432,3,38
1858,491,4,60
2781,212,3,94
2962,175,5,83
1226,226,7,1
720,15,2,40
1800,283,4,46
3026,237,8,28
1339,362,9,41
4917,294,4,57
2296,489,5,52
2842,57,8,70
4048,213,3,85
4423,438,8,51
1065,390,7,85
2431,332,5,30
2614,193,2,99
2150,337,7,30
1508,329,7,100
2582,149,1,24
1296,144,6,11
2222,85,7,43
933,341,10,2
3162,158,9,63
2633,433,2,84
1262,211,2,13
195,419,2,100
233,258,4,86
2183,168,7,6
71,136,5,99
4347,73,1,40
2028,128,4,83
147,447,7,27
4738,122,10,33
1773,370,5,76
4289,33,9,7
3918,31,9,10
4146,94,10,77
480,273,6,60
3631,26,10,88
2093,110,10,8
4610,439,10,14
4256,444,4,43
1589,425,10,33
2662,87,3,58
3915,500,9,2
3620,23,2,51
4359,57,5,70
819,104,4,47
2710,388,4,79
1982,34,5,14
4727,478,8,2
2660,361,3,49
1066,447,3,27
4356,24,10,41
4996,215,8,7
2322,80,9,76
2097,33,4,7
2564,173,4,72
4770,74,7,28
2215,226,6,1
4420,290,2,36
4339,475,4,2
3582,242,3,93
2425,48,4,13
2265,104,3,47
3765,313,6,8
4716,188,3,89
1709,163,6,17
1685,129,4,71
1024,48,3,13
1950,373,6,74
3665,123,8,86
3403,478,1,2
4563,500,1,2
915,336,8,62
3530,470,3,68
4881,141,5,100
3692,171,8,53
2314,187,5,81
2981,174,9,80
3858,276,6,85
319,70,6,63
1154,21,2,63
2426,237,10,28
2477,162,3,21
1874,397,6,74
3528,386,1,23
3195,406,6,85
2608,210,2,15
3020,337,9,30
4475,368,1,15
42,21,4,63
4209,276,8,85
941,325,5,59
4983,442,4,57
865,267,8,84
3322,240,2,47
1665,172,8,79
3861,110,2,8
132,368,5,15
487,116,6,61
2870,147,5,100
828,417,6,72
761,41,5,20
1982,257,2,22
3532,403,7,77
2471,490,3,44
56,438,4,51
3731,365,2,85
1620,51,10,83
330,369,2,84
3422,261,10,4
1999,143,2,95
2265,8,4,73
1266,326,4,88
1012,401,3,11
1300,443,2,37
218,166,8,73
4943,113,6,78
4382,399,5,66
3222,171,9,53
4129,322,5,37
1457,458,9,34
1262,52,2,1
4216,232,10,33
4765,113,7,78
885,325,8,59
559,252,7,19
977,295,6,16
3964,201,1,87
298,193,5,99
4949,450,3,40
395,446,8,9
1276,351,3,71
4757,314,6,52
4674,304,3,99
4959,490,7,44
4456,342,4,46
1757,140,6,95
1741,182,5,18
4335,171,3,53
688,182,3,18
300,496,6,54
355,12,9,14
3520,419,5,100
4496,250,5,63
1515,144,3,11
2888,449,1,74
1939,86,7,81
1658,76,1,19
904,144,9,11
3912,108,10,7
1736,327,10,58
3623,34,4,14
2358,301,8,28
4926,489,1,52
4431,224,5,11
3376,51,6,83
586,471,8,49
326,471,5,49
2603,407,9,52
546,202,1,27
1622,223,7,38
2191,98,6,24
1436,109,4,17
2808,335,5,76
84,401,3,11
3112,221,7,38
649,64,1,79
3315,229,10,13
3537,68,7,72
4844,7,8,4
519,492,9,82
1059,137,5,72
1171,267,1,84
1952,131,1,87
706,340,7,62
1209,90,10,3
441,197,1,55
4586,229,5,13
918,207,4,26
244,129,10,71
261,255,6,64
3085,435,9,34
3321,122,4,33
313,411,4,45
1896,174,9,80
1983,301,4,28
1248,465,6,38
3424,37,10,96
267,295,7,16
4756,137,10,72
4771,278,6,93
4545,428,9,31
765,417,9,72
3755,500,7,2
1279,495,3,25
3845,292,8,6
622,190,8,83
615,202,2,27
4504,252,1,19
4959,84,2,39
4799,475,1,2
657,173,8,72
1992,364,8,86
1891,187,1,81
1332,31,1,10
313,486,10,30
1792,12,5,14
183,45,3,86
392,284,9,38
1156,480,2,42
1201,285,9,18
438,304,7,99
1211,296,2,12
1592,198,3,15
4757,9,5,74
3548,162,3,21
2082,51,9,83
2323,495,10,25
2936,51,3,83
1810,206,4,68
3179,317,2,82
4707,393,2,3
3550,332,2,30
4514,411,2,45
2668,480,10,42
4199,128,8,83
145,141,1,100
4206,141,2,100
1575,224,9,11
4618,313,2,8
2209,208,7,11
2747,10,9,79
3156,278,3,93
2008,267,7,84
654,195,8,8
3851,197,3,55
3043,239,8,96
282,405,7,49
1174,493,2,33
4327,495,4,25
2748,13,4,99
3708,139,9,71
759,194,8,51
1971,298,7,86
3558,138,3,47
1838,279,10,77
1881,339,7,44
459,27,6,2
1920,29,9,65
4536,144,4,11
115,90,10,3
4987,183,9,59
1511,343,3,79
2976,299,1,15
3095,127,9,50
4827,19,10,47
3949,14,8,47
3630,233,10,85
4868,446,6,9
161,262,5,31
1290,232,3,33
878,393,6,3
2911,146,2,36
49,181,1,77
363,367,6,13
1966,482,4,64
2085,381,1,31
223,61,3,8
867,216,9,66
4678,57,10,70
1873,367,6,13
1341,436,10,81
234,25,1,43
4437,497,9,75
3974,308,1,8
4255,130,2,66
3297,339,7,44
1708,196,7,34
721,92,6,75
4867,175,7,83
1310,53,3,100
210,476,3,29
1853,117,9,18
1469,310,3,30
2691,294,1,57
4646,467,5,81
4899,273,3,60
4216,152,9,11
1998,373,2,74
3948,124,5,1
2997,328,7,30
2009,188,1,89
1740,489,6,52
767,142,9,24
3342,262,3,31
2229,264,4,21
2223,84,7,39
4830,418,9,15
1201,73,9,40
715,282,5,65
2153,26,4,88
3026,256,4,88
36,336,4,62
1972,16,10,13
2732,70,9,63
4091,63,9,26
3504,124,5,1
2157,112,10,25
145,71,2,48
1123,464,6,29
623,77,3,42
863,36,4,65
1369,385,6,40
1755,63,2,26
4482,289,5,8
3310,19,8,47
4658,148,10,26
3675,381,2,31
3317,417,9,72
1461,106,4,40
706,264,1,21
2549,60,2,43
1168,145,6,75
4418,206,9,68
3049,71,6,48
761,336,7,62
3019,38,3,62
3484,42,9,66
3742,295,6,16
3380,438,5,51
4310,92,1,75
1683,249,5,86
697,316,3,84
2234,140,1,95
3460,210,9,15
2872,67,5,27
1672,257,2,22
1523,353,7,9
3235,105,6,63
2139,465,1,38
4017,275,4,84
4762,80,8,76
1074,388,10,79
1700,34,4,14
3547,483,5,61
3969,408,8,8
3734,66,7,77
4960,257,9,22
1801,97,6,65
921,353,10,9
809,500,7,2
300,169,7,53
2508,310,4,30
3558,466,2,51
273,450,1,40
2024,201,5,87
2948,376,4,80
2448,39,9,14
3162,196,8,34
90,240,6,47
939,338,2,11
300,499,5,38
2632,26,3,88
1635,204,7,48
3270,374,6,50
2530,40,5,4
2148,120,2,23
1566,125,2,14
1433,186,1,36
4728,215,1,7
745,425,4,33
4348,129,3,71
4582,207,2,26
3556,246,1,32
1723,327,9,58
4581,31,8,10
42,461,10,44
4519,243,4,55
1076,432,2,38
1505,336,3,62
2692,492,3,82
1525,124,7,1
124,436,1,81
2844,53,2,100
1947,61,6,8
578,430,6,32
316,123,9,86
2502,52,7,1
4082,265,4,96
4191,60,9,43
4677,219,10,34
4050,447,1,27
2099,175,1,83
2619,345,2,91
4643,494,7,69
3687,315,2,88
4333,33,8,7
3997,168,2,6
4369,354,6,94
2906,37,3,96
3380,397,7,74
2086,380,4,42
447,250,2,63
3724,258,2,86
3820,166,8,73
4108,308,4,8
296,110,1,8
4127,270,6,21
425,225,8,6
874,78,6,5
3242,87,3,58
4691,177,8,64
782,282,5,65
2915,377,10,65
121,303,5,45
4775,241,8,20
2008,188,7,89
1438,239,1,96
836,144,4,11
3962,327,5,58
15,157,5,52
2907,197,9,55
1883,380,9,42
4505,73,5,40
4736,12,7,14
4916,359,3,47
1922,250,10,63
1003,425,9,33
4146,449,7,74
3776,81,7,5
437,445,5,75
3991,81,10,5
1635,322,5,37
2106,13,7,99
4898,109,10,17
2879,398,5,90
3006,136,5,99
4327,448,6,18
1948,71,9,48
2965,303,4,45
4028,22,7,12
4396,339,1,44
1490,490,8,44
2516,11,5,65
1364,411,9,45
2158,288,1,4
2189,213,9,85
2833,83,4,97
640,58,10,13
3228,339,10,44
895,64,8,79
3735,239,10,96
2326,118,6,34
1552,440,7,14
2045,397,8,74
3058,379,9,51
2536,420,8,14
3252,194,1,51
1251,272,10,50
131,166,1,73
1824,397,4,74
751,133,6,65
2663,16,7,13
3690,439,9,14
411,494,6,69
4055,429,10,63
2588,6,9,87
465,61,3,8
945,382,10,22
4545,484,9,54
2724,336,9,62
2884,9,4,74
1255,215,5,7
883,383,7,49
2178,26,3,88
4718,242,1,93
2434,321,7,44
3412,377,9,65
2187,428,3,31
4095,445,8,75
1680,393,2,3
1506,59,2,29
1919,192,2,35
4041,391,7,8
3044,292,8,6
2258,192,3,35
3241,280,1,86
4698,237,1,28
3821,474,6,20
565,497,9,75
2504,73,3,40
435,203,10,15
1796,2,6,7
902,310,8,30
1128,331,5,46
3046,156,4,34
2673,255,2,64
4929,461,4,44
4450,132,5,90
4022,38,9,62
2849,216,4,66
3093,275,5,84
3651,124,2,1
1760,278,1,93
4830,154,9,4
3139,245,3,61
300,315,4,88
71,267,6,84
2763,483,9,61
1599,24,8,41
1095,342,1,46
636,264,10,21
2555,160,2,87
3435,254,6,67
1058,328,10,30
4740,180,7,6
2885,120,2,23
3292,5,1,81
2347,117,6,18
3580,235,7,95
4053,204,4,48
1445,29,2,65
3078,181,6,77
3311,283,6,46
2906,219,1,34
552,414,10,6
2398,306,4,27
160,9,10,74
4944,118,4,34
1492,141,3,100
487,53,2,100
1426,489,9,52
3834,277,4,55
1961,469,6,32
3526,319,7,83
508,4,10,8
2142,178,6,91
2950,146,9,36
2989,89,1,68
4985,98,3,24
1988,403,1,77
3892,361,5,49
782,466,9,51
589,269,9,44
2628,463,1,27
628,186,7,36
1042,248,6,1
3492,393,2,3
236,9,6,74
3019,455,1,42
2157,490,2,44
4277,393,9,3
2283,453,6,5
2551,62,9,11
129,91,4,24
203,162,6,21
101,308,7,8
3931,467,4,81
949,370,9,76
955,476,3,29
2916,51,5,83
4749,492,3,82
2289,299,4,15
2761,487,5,47
4287,226,10,1
3127,35,8,34
320,270,7,21
1348,400,7,98
3465,334,8,75
3498,146,10,36
4098,31,4,10
4322,1,10,50
3849,313,8,8
1479,181,10,77
1179,396,3,54
2694,370,4,76
4673,338,10,11
800,43,10,26
3668,351,10,71
1653,462,2,15
4062,8,9,73
2276,447,5,27
1349,385,10,40
2072,218,6,25
3804,296,5,12
1336,76,5,19
2453,141,8,100
3107,61,8,8
938,155,3,49
4977,464,5,29
3928,138,1,47
3604,154,1,4
2385,95,4,92
2039,271,1,77
3091,143,3,95
383,447,1,27
2148,410,5,23
4700,67,1,27
