4853,85,9,43
1236,108,10,7
3921,38,1,62
1018,343,2,79
4628,398,3,90
1657,500,2,2
2919,19,1,47
3189,290,9,36
345,338,10,11
2317,458,9,34
2877,411,5,45
3762,446,7,9
282,50,2,46
2725,375,10,57
2951,164,9,5
1323,423,10,57
2790,409,6,26
1698,102,10,37
1774,53,3,100
3268,93,3,18
1458,317,3,82
618,242,7,93
4324,75,9,86
1733,95,10,92
3624,233,7,85
3224,90,8,3
4617,212,2,94
2210,175,8,83
3214,448,6,18
4157,301,1,28
3263,175,6,83
3386,367,6,13
4440,266,2,57
472,147,8,100
2606,59,5,29
4373,228,8,28
3762,222,2,54
2496,424,9,15
3917,324,3,84
2287,450,8,40
502,102,2,37
4210,52,2,1
1583,427,5,8
1609,140,8,95
1149,292,5,6
1045,39,3,14
1741,18,10,51
3975,194,1,51
1588,214,1,89
2466,20,1,79
4421,406,1,85
4485,133,3,65
2957,422,10,56
3825,489,10,52
4071,289,10,8
3163,74,5,28
3312,48,5,13
2670,366,3,68
128,317,10,82
2713,496,8,54
3517,263,6,39
3666,104,8,47
901,172,6,79
76,20,7,79
280,291,2,51
2694,73,5,40
4542,131,4,87
1438,206,8,68
922,361,6,49
4482,363,8,53
2653,45,2,86
1101,243,10,55
3671,399,9,66
476,173,1,72
4497,140,1,95
994,166,2,73
3560,447,3,27
2771,373,9,74
2027,111,7,18
1026,104,1,47
4189,351,8,71
1186,199,10,12
837,168,8,6
1082,12,7,14
3879,403,7,77
1626,343,8,79
2058,297,6,44
3252,127,8,50
881,345,3,91
3464,271,7,77
158,322,2,37
2590,494,8,69
1819,54,10,31
157,236,3,26
4210,358,3,88
547,294,3,57
2386,354,2,94
2051,376,8,80
2868,14,3,47
2794,421,9,55
3262,347,10,27
133,105,1,63
3890,115,7,9
58,487,6,47
1776,448,10,18
1975,129,3,71
1217,28,2,22
1392,211,10,13
1230,221,10,38
2573,330,4,14
278,388,6,79
3704,93,3,18
2446,175,8,83
1223,148,2,26
1616,399,9,66
2535,25,6,43
1540,73,6,40
41,65,1,77
752,84,5,39
2274,295,2,16
3418,269,5,44
120,109,9,17
2431,499,9,38
2672,273,7,60
1106,113,2,78
3704,57,6,70
778,433,1,84
3490,429,3,63
3817,166,8,73
2811,475,2,2
404,52,1,1
532,52,6,1
2227,304,8,99
1219,351,9,71
1968,406,4,85
660,440,6,14
3182,465,8,38
3337,428,6,31
2202,118,1,34
2151,376,10,80
2821,76,3,19
2885,433,2,84
2026,293,10,25
2620,246,7,32
4442,74,6,28
3805,155,10,49
4108,343,2,79
1697,178,3,91
456,379,5,51
298,261,7,4
1390,150,10,74
2658,228,7,28
3116,247,8,65
3373,160,2,87
2023,481,2,82
2440,6,2,87
3631,416,6,81
1705,317,4,82
929,422,8,56
2990,282,10,65
794,460,3,8
617,369,3,84
34,457,10,28
4184,477,4,71
2348,95,10,92
1090,396,9,54
1469,237,7,28
2173,293,3,25
2212,499,9,38
2475,2,4,7
1928,54,8,31
676,264,3,21
4343,273,8,60
2225,86,6,81
4010,277,2,55
3747,133,9,65
1254,269,6,44
4063,280,10,86
4908,500,10,2
1010,161,2,42
4903,155,7,49
641,395,9,35
4648,385,8,40
2527,140,3,95
3429,235,9,95
3001,280,3,86
1666,210,6,15
1820,89,10,68
1646,238,7,12
2498,374,6,50
4098,96,4,79
2363,395,4,35
239,491,8,60
626,111,5,18
339,333,5,60
890,349,4,77
3463,154,5,4
981,145,2,75
803,269,8,44
818,299,7,15
519,81,10,5
939,58,9,13
2776,287,6,31
3642,213,3,85
754,360,7,4
4803,234,1,30
4867,269,4,44
3657,84,1,39
4285,75,1,86
1153,295,4,16
1820,6,4,87
296,494,4,69
1557,95,10,92
810,77,4,42
2234,20,6,79
951,366,9,68
1552,166,4,73
3000,269,3,44
4300,111,4,18
767,466,4,51
3986,40,7,4
3289,340,4,62
545,168,9,6
813,86,5,81
3215,467,9,81
3273,426,7,91
2073,97,8,65
2167,51,5,83
2911,163,9,17
2271,493,8,33
4335,437,3,67
3671,336,2,62
362,171,8,53
1493,142,2,24
252,107,6,93
1053,381,1,31
4904,445,8,75
161,140,2,95
1056,420,3,14
442,145,5,75
3116,344,2,69
2928,248,3,1
4808,166,8,73
3871,410,10,23
2685,276,8,85
2497,298,6,86
967,413,5,70
108,466,5,51
4338,51,8,83
2543,482,7,64
4034,329,7,100
101,16,6,13
993,346,10,48
2856,90,8,3
2932,425,6,33
392,198,7,15
4963,92,3,75
4091,56,7,30
306,319,3,83
858,497,6,75
2375,35,10,34
2326,168,3,6
1204,145,3,75
464,366,8,68
273,290,9,36
4765,449,2,74
1530,237,1,28
2793,148,8,26
2974,423,1,57
1397,429,5,63
1743,331,2,46
3361,270,3,21
686,128,7,83
504,326,4,88
3988,178,7,91
4641,341,9,2
3477,49,9,99
587,211,1,13
4411,160,7,87
4035,88,10,48
550,306,10,27
1034,9,10,74
167,422,9,56
2443,224,2,11
406,76,7,19
3437,416,9,81
3229,24,7,41
1183,75,8,86
4369,403,1,77
875,134,2,1
641,264,10,21
1039,163,3,17
781,389,9,69
3037,55,6,70
4439,243,2,55
3880,119,3,1
3041,13,2,99
21,242,5,93
1796,329,2,100
3555,487,7,47
1728,171,1,53
2885,392,10,32
2690,445,1,75
2891,379,3,51
471,224,5,11
4676,347,1,27
2556,203,4,15
652,263,2,39
4511,476,8,29
3074,302,8,62
3604,310,9,30
1712,312,8,79
1825,139,7,71
4492,236,6,26
4750,247,7,65
3851,114,5,15
3356,338,8,11
1578,295,10,16
4369,485,6,61
567,353,6,9
973,146,5,36
1126,332,4,30
2450,312,4,79
811,275,1,84
3995,419,6,100
655,233,2,85
4476,48,5,13
860,417,7,72
669,212,4,94
2180,99,5,41
1624,211,6,13
2966,266,2,57
2786,361,5,49
2523,93,4,18
4517,143,8,95
4372,254,3,67
460,179,9,97
472,281,2,96
1349,197,8,55
2787,495,4,25
4721,99,3,41
1363,235,8,95
1556,331,5,46
3894,314,5,52
2933,271,1,77
3330,189,4,92
3085,385,4,40
2460,205,8,44
4985,115,10,9
1813,130,5,66
4651,27,2,2
1932,172,9,79
1522,288,2,4
2784,366,3,68
1601,464,1,29
4392,315,4,88
3831,71,3,48
3458,187,5,81
263,75,9,86
4976,3,6,85
4770,123,3,86
1588,490,9,44
4729,307,3,14
2334,437,5,67
2776,185,9,38
3069,169,6,53
3493,468,8,54
4352,228,3,28
472,145,1,75
313,318,2,100
1450,381,10,31
3571,134,7,1
4493,239,4,96
1002,165,6,1
3208,338,3,11
235,363,1,53
1977,309,4,81
4975,402,6,63
992,158,9,63
511,146,6,36
1503,472,9,68
3361,134,9,1
1888,75,8,86
3410,301,10,28
4772,314,5,52
2123,452,4,55
194,82,10,100
3996,443,7,37
4259,450,3,40
1921,228,3,28
1123,298,1,86
72,113,8,78
2579,103,8,94
4633,328,9,30
4300,329,8,100
2816,415,9,7
910,351,5,71
3414,311,8,75
2758,201,8,87
3770,142,4,24
2223,83,10,97
2603,164,3,5
3967,457,5,28
2943,423,7,57
2376,184,6,12
4684,468,2,54
3339,39,2,14
4737,430,2,32
2583,49,1,99
4776,272,2,50
4201,388,9,79
2450,400,9,98
3235,281,3,96
1410,310,9,30
4236,248,8,1
3892,87,6,58
3248,430,2,32
1174,150,1,74
4978,128,1,83
467,180,8,6
4220,91,10,24
376,348,5,59
4852,269,5,44
4847,48,9,13
3940,247,2,65
776,125,5,14
1755,457,8,28
326,381,5,31
2568,394,9,18
1234,76,6,19
1900,9,8,74
1416,219,2,34
1382,364,9,86
2985,124,5,1
968,135,6,88
667,239,4,96
702,66,5,77
683,20,8,79
4802,420,2,14
2317,431,4,1
1163,44,10,28
2288,127,5,50
3453,457,4,28
1952,392,4,32
4642,450,5,40
203,446,1,9
74,262,3,31
4759,414,5,6
3249,215,8,7
1067,363,7,53
884,424,2,15
4640,458,8,34
4942,216,8,66
4955,436,8,81
1576,169,10,53
2763,214,9,89
3378,163,4,17
2164,225,7,6
964,107,10,93
1879,122,6,33
3825,391,7,8
996,7,9,4
610,353,7,9
4884,203,8,15
1424,80,4,76
1568,270,3,21
4937,193,1,99
2067,254,8,67
4275,208,8,11
4789,227,7,68
3489,102,2,37
3290,398,3,90
1049,93,3,18
3828,347,2,27
3601,391,5,8
4469,370,8,76
190,154,5,4
1522,303,3,45
4855,191,7,77
1847,190,2,83
1284,209,6,52
1670,137,3,72
3651,451,10,98
3414,293,1,25
1965,447,1,27
590,215,7,7
4777,365,6,85
3830,65,10,77
3136,107,3,93
4674,392,1,32
3129,55,3,70
2588,263,7,39
3343,470,4,68
2930,473,8,27
2581,264,7,21
1683,2,10,7
834,288,2,4
4979,294,10,57
2222,353,7,9
1212,491,6,60
2443,475,1,2
4684,174,2,80
1731,307,3,14
854,203,6,15
3574,96,2,79
2831,188,1,89
3008,61,7,8
1013,394,2,18
4100,459,5,96
1322,140,4,95
2943,348,10,59
1648,395,1,35
1043,93,1,18
2564,402,1,63
405,194,1,51
1956,156,4,34
861,101,2,19
2541,142,8,24
1611,266,6,57
4964,172,2,79
899,216,3,66
1126,470,1,68
656,169,7,53
4363,16,4,13
1676,442,2,57
999,465,5,38
2408,379,5,51
544,368,7,15
4935,474,4,20
1279,252,2,19
2172,41,9,20
4848,283,5,46
1250,91,6,24
4989,427,10,8
3845,467,7,81
419,86,3,81
2382,329,9,100
126,62,6,11
2774,50,1,46
3397,155,4,49
528,71,3,48
415,74,1,28
2901,63,9,26
4102,253,9,11
4637,494,5,69
833,412,1,75
133,363,6,53
1011,24,1,41
3065,258,10,86
4684,248,1,1
524,456,1,42
2635,231,1,25
3478,213,10,85
4571,475,10,2
2756,89,7,68
4599,281,9,96
3765,201,9,87
1303,203,7,15
3400,346,1,48
3417,309,9,81
4996,148,5,26
2000,432,3,38
262,203,1,15
1902,490,10,44
603,200,1,68
3813,389,3,69
643,361,8,49
4366,236,7,26
4683,45,8,86
1476,316,4,84
439,336,8,62
3416,289,8,8
2085,467,9,81
2493,400,4,98
2646,220,2,75
4212,464,2,29
588,152,6,11
200,381,5,31
3600,400,1,98
489,441,7,1
3519,290,2,36
3271,274,7,1
2198,494,7,69
2590,318,1,100
3293,342,3,46
518,162,6,21
313,331,8,46
2500,213,5,85
3439,437,8,67
4614,20,5,79
2321,188,8,89
368,242,9,93
3444,113,5,78
560,170,4,70
2039,265,6,96
479,360,2,4
708,417,2,72
1438,213,9,85
4200,42,7,66
3,152,8,11
2100,327,3,58
38,324,9,84
3919,198,4,15
1195,154,7,4
1097,242,8,93
2416,358,8,88
3046,183,8,59
255,265,5,96
3388,43,8,26
1854,430,10,32
3440,36,9,65
2209,238,5,12
2194,228,10,28
4746,394,3,18
4573,444,1,43
4432,165,1,1
413,388,5,79
578,69,1,57
3028,172,1,79
126,344,4,69
2852,459,3,96
4208,399,3,66
4631,433,5,84
3282,446,2,9
2707,254,4,67
1590,437,1,67
4045,1,8,50
977,448,4,18
808,104,10,47
4046,186,7,36
1721,38,2,62
3221,434,3,100
2498,327,7,58
4327,420,3,14
331,131,8,87
4768,480,9,42
543,150,1,74
83,493,1,33
1920,290,8,36
3923,195,10,8
353,416,2,81
4038,159,5,5
4763,206,1,68
2839,384,6,81
541,385,2,40
4849,295,6,16
791,363,6,53
2078,133,7,65
626,86,9,81
4236,62,9,11
2703,194,3,51
4866,116,9,61
1241,351,5,71
2017,16,8,13
2197,219,4,34
2595,336,2,62
3278,154,2,4
3788,231,7,25
3916,433,7,84
751,234,10,30
2066,275,2,84
4160,144,7,11
1290,491,1,60
3322,390,2,85
2899,222,1,54
1100,450,5,40
3821,141,1,100
4773,476,6,29
1922,65,1,77
516,84,1,39
545,328,5,30
3948,398,1,90
4088,454,10,17
4685,188,10,89
2691,140,7,95
320,486,3,30
1293,165,8,1
1368,482,2,64
2142,423,4,57
3779,368,8,15
1238,344,9,69
151,254,3,67
2744,158,2,63
4595,15,4,40
498,468,6,54
485,476,6,29
431,135,9,88
3639,190,3,83
528,393,4,3
582,230,10,42
1926,399,7,66
3533,4,1,8
183,311,6,75
4775,124,6,1
1846,288,4,4
2052,272,6,50
3251,119,4,1
3209,420,2,14
2219,291,2,51
2541,345,8,91
384,120,10,23
4926,8,6,73
4612,435,8,34
3549,314,4,52
2661,481,4,82
390,241,5,20
2174,496,2,54
3583,258,5,86
1551,388,5,79
67,266,1,57
3006,31,9,10
4789,52,5,1
2503,263,10,39
4231,298,6,86
1218,197,5,55
3318,130,6,66
1819,132,8,90
448,267,1,84
3971,315,5,88
81,164,9,5
3326,215,8,7
3385,408,4,8
3888,62,2,11
1767,216,4,66
2555,375,9,57
2513,242,5,93
2346,351,5,71
2464,240,8,47
3156,262,9,31
3849,95,8,92
3224,229,10,13
2077,176,7,100
3251,174,4,80
1238,204,8,48
935,323,9,36
4755,183,7,59
4034,442,1,57
3150,62,4,11
4863,220,3,75
1576,5,9,81
3149,230,4,42
2782,488,7,31
1613,256,7,88
4590,124,6,1
417,129,5,71
4946,76,4,19
1889,145,9,75
3421,48,3,13
935,153,8,16
254,227,9,68
1243,463,2,27
3046,432,9,38
587,465,6,38
345,407,8,52
2095,97,3,65
4634,326,8,88
2339,245,10,61
2561,312,4,79
3130,132,6,90
3338,491,6,60
2181,279,4,77
4304,459,7,96
1712,267,1,84
1664,137,6,72
3520,213,7,85
1822,464,7,29
4011,493,3,33
450,161,8,42
102,291,10,51
2904,451,6,98
3131,407,9,52
2472,142,9,24
3612,46,2,26
1933,2,5,7
4797,337,8,30
1363,208,10,11
1495,344,6,69
938,485,8,61
4225,239,9,96
2726,486,2,30
3604,4,9,8
371,34,4,14
2988,158,2,63
1666,479,2,79
4627,414,9,6
2289,168,8,6
3302,226,2,1
3457,84,1,39
3129,403,6,77
4938,497,8,75
2673,388,8,79
2477,19,5,47
3103,263,1,39
3619,80,10,76
1991,156,8,34
2186,227,5,68
2571,375,8,57
403,233,7,85
1991,252,8,19
3166,361,3,49
786,55,6,70
4193,483,6,61
2100,181,9,77
4065,31,5,10
864,369,1,84
853,103,9,94
4810,335,5,76
2240,112,4,25
1221,284,2,38
1699,53,2,100
3262,412,2,75
4372,96,8,79
2381,284,10,38
2475,84,10,39
4793,73,7,40
4033,42,1,66
2859,302,4,62
1461,435,5,34
1241,392,2,32
3337,400,7,98
1362,286,9,66
4850,70,9,63
3180,475,7,2
2998,254,6,67
4696,117,4,18
3118,418,9,15
2113,290,2,36
79,411,6,45
272,449,2,74
2937,98,6,24
1141,237,6,28
659,466,10,51
1932,31,4,10
1860,388,4,79
4351,474,7,20
1529,485,10,61
3397,7,5,4
528,480,1,42
1481,405,8,49
105,376,6,80
288,183,8,59
4194,56,2,30
4796,62,5,11
4740,373,10,74
5,367,2,13
378,320,2,36
1695,255,5,64
398,460,3,8
878,102,2,37
3266,304,10,99
2932,383,8,49
812,234,5,30
681,386,1,23
3948,149,8,24
614,44,3,28
1065,155,9,49
2860,69,1,57
4612,497,4,75
3955,264,10,21
516,305,4,83
1059,167,4,6
3476,408,10,8
4714,236,7,26
2004,288,1,4
4080,281,8,96
2630,456,2,42
2105,481,8,82
4,7,6,4
1495,244,4,98
2571,440,3,14
3310,80,1,76
2409,193,4,99
579,463,7,27
1722,326,9,88
4488,39,2,14
4617,226,2,1
426,395,2,35
3548,34,1,14
3554,417,10,72
3126,481,10,82
249,125,4,14
1748,487,5,47
1819,415,1,7
2624,96,1,79
4972,430,10,32
3260,317,2,82
2349,203,4,15
2562,110,4,8
2629,7,1,4
2642,281,6,96
72,218,7,25
348,152,5,11
1872,349,6,77
4136,446,4,9
3970,456,6,42
758,87,6,58
1912,316,4,84
3026,373,3,74
4781,172,10,79
2780,499,3,38
801,87,10,58
2251,4,4,8
3917,175,10,83
998,430,2,32
4226,331,5,46
4552,498,5,24
1885,133,6,65
2047,495,10,25
78,17,9,93
709,19,9,47
4381,50,8,46
373,473,1,27
1735,371,8,75
2262,192,6,35
1594,396,8,54
2929,216,1,66
4302,52,7,1
4453,319,9,83
2363,429,6,63
3509,427,7,8
434,36,1,65
4867,301,4,28
1195,280,4,86
4395,265,2,96
2955,258,6,86
865,309,6,81
1704,210,1,15
3765,403,4,77
3651,48,5,13
1813,317,2,82
4575,302,5,62
1087,338,2,11
57,449,6,74
3282,71,6,48
1481,223,10,38
2314,435,6,34
3890,364,9,86
1847,46,7,26
119,174,8,80
2610,151,6,21
1398,9,3,74
3866,6,10,87
2037,399,10,66
3151,348,5,59
3228,444,7,43
1405,255,1,64
1182,413,7,70
2017,102,5,37
1290,326,8,88
1821,98,5,24
412,238,2,12
765,327,10,58
4924,335,5,76
2436,139,10,71
3618,138,3,47
2437,84,7,39
2399,455,4,42
3852,488,9,31
4825,133,5,65
2437,412,1,75
3818,261,5,4
1483,337,5,30
1467,151,9,21
4056,375,5,57
1177,154,10,4
4853,341,5,2
295,68,3,72
377,164,1,5
4759,180,10,6
2788,416,5,81
114,20,6,79
3958,227,6,68
1462,39,10,14
3093,236,1,26
1342,444,6,43
1784,374,8,50
4605,357,6,29
4132,295,5,16
1610,88,5,48
662,232,9,33
2150,173,9,72
3415,107,5,93
101,73,10,40
127,140,2,95
2521,21,6,63
2152,5,2,81
176,476,7,29
4551,108,7,7
1130,156,3,34
491,487,10,47
376,26,5,88
3329,407,10,52
139,488,4,31
3855,109,10,17
3005,211,8,13
3404,328,1,30
1743,450,4,40
1,239,8,96
1379,188,10,89
2313,425,8,33
3996,225,6,6
2507,402,5,63
1818,177,8,64
3320,479,7,79
1634,26,1,88
1883,72,5,38
667,260,4,16
2379,164,3,5
4853,289,7,8
2320,310,1,30
1082,260,3,16
4331,152,10,11
2868,108,9,7
3031,313,4,8
1458,343,6,79
1063,436,2,81
717,84,4,39
1324,385,5,40
1402,279,1,77
1204,6,8,87
4463,441,9,1
1643,166,3,73
4130,264,6,21
1191,222,5,54
3274,56,10,30
3245,445,8,75
3650,298,7,86
3421,266,5,57
237,369,7,84
4864,216,2,66
80,134,10,1
3124,74,3,28
4333,367,4,13
4919,150,4,74
3595,139,1,71
1556,242,6,93
2750,87,10,58
2849,358,5,88
4905,223,5,38
1877,457,8,28
721,236,8,26
4572,102,1,37
3826,393,10,3
2900,226,6,1
4937,413,4,70
809,308,4,8
4583,207,8,26
3841,186,4,36
3795,186,6,36
763,37,5,96
4330,293,10,25
1696,186,9,36
457,470,10,68
1801,211,8,13
867,407,3,52
3065,311,7,75
2034,429,6,63
1170,41,7,20
1060,356,4,33
1905,88,10,48
992,330,1,14
1056,153,10,16
3147,144,6,11
2079,179,9,97
1870,284,10,38
501,73,1,40
4994,120,3,23
588,61,8,8
1718,426,8,91
3441,451,3,98
4900,54,8,31
4058,153,10,16
2228,134,10,1
1933,300,1,11
1326,407,3,52
1998,87,7,58
2578,354,10,94
625,101,4,19
3335,54,4,31
3297,430,5,32
903,250,5,63
2354,130,7,66
254,235,7,95
600,43,5,26
3901,250,7,63
4839,63,10,26
1407,213,10,85
2700,261,4,4
3327,296,7,12
4026,49,7,99
1001,241,2,20
2340,379,9,51
4997,94,1,77
4443,269,3,44
3447,214,5,89
1046,305,5,83
3020,30,5,68
2184,47,10,80
786,155,9,49
1038,452,2,55
542,311,5,75
3384,454,3,17
4607,205,7,44
2238,420,5,14
3754,500,5,2
2679,305,6,83
2610,78,7,5
1452,99,8,41
1393,328,8,30
2451,79,2,88
4151,187,2,81
4994,40,6,4
4118,373,8,74
4236,404,6,29
537,373,8,74
1599,230,1,42
4383,210,4,15
1922,416,6,81
2961,284,10,38
2771,496,9,54
2989,76,10,19
2176,16,1,13
3908,105,6,63
3496,471,1,49
1886,161,3,42
1103,56,10,30
1201,465,3,38
4029,427,9,8
2419,488,2,31
4436,44,7,28
3102,439,4,14
1877,14,5,47
4873,237,1,28
1715,484,2,54
1735,215,1,7
629,234,8,30
640,101,1,19
2068,375,8,57
2995,71,10,48
114,10,2,79
4875,147,8,100
155,159,10,5
1658,223,5,38
4377,389,7,69
3987,18,6,51
1910,279,5,77
3134,371,6,75
3385,451,8,98
2700,470,7,68
271,181,2,77
1365,296,1,12
2412,332,3,30
4050,85,5,43
4033,392,3,32
2649,148,9,26
571,79,7,88
912,315,5,88
1038,75,6,86
1637,301,9,28
416,157,2,52
2405,191,5,77
3703,316,9,84
1476,50,7,46
693,400,3,98
1877,105,5,63
532,172,3,79
1800,44,8,28
2922,143,5,95
3121,110,2,8
2939,3,5,85
403,128,7,83
3325,263,10,39
2748,151,2,21
1029,476,4,29
1845,197,3,55
202,355,5,53
1010,117,1,18
4379,251,5,5
4476,458,6,34
1194,53,1,100
4590,122,9,33
3800,183,7,59
3929,158,1,63
3905,122,8,33
1415,472,7,68
3712,471,4,49
1948,118,6,34
1568,244,4,98
798,171,10,53
4070,85,4,43
511,57,3,70
1314,135,6,88
3345,89,8,68
2842,67,8,27
3807,427,10,8
3811,298,7,86
324,304,1,99
3361,14,4,47
3493,353,1,9
1834,132,6,90
2258,413,9,70
1382,17,6,93
4328,214,7,89
935,315,2,88
808,59,5,29
2237,94,9,77
548,418,6,15
3129,352,10,77
4472,290,7,36
4200,476,7,29
1636,408,1,8
807,337,7,30
1865,61,10,8
443,445,8,75
1735,73,7,40
4687,140,4,95
2106,399,3,66
2738,95,7,92
890,144,5,11
4276,250,1,63
1406,463,4,27
249,79,6,88
514,314,9,52
8,413,3,70
512,388,5,79
4227,121,5,69
236,262,6,31
2833,123,10,86
2172,63,9,26
628,403,6,77
2059,258,10,86
2505,483,5,61
4014,20,1,79
433,469,2,32
477,89,10,68
4199,145,7,75
842,464,1,29
1160,406,6,85
2195,402,2,63
2241,223,4,38
2744,249,9,86
4049,270,6,21
2579,94,6,77
1427,82,5,100
3979,68,10,72
1874,216,3,66
2284,266,5,57
2698,416,5,81
4206,117,5,18
2210,342,4,46
733,108,9,7
3081,496,5,54
3211,85,5,43
3109,92,3,75
1082,435,9,34
4966,28,4,22
64,331,1,46
1430,466,6,51
2405,151,3,21
3750,412,3,75
4327,281,9,96
4347,390,5,85
205,442,4,57
3466,210,4,15
3034,270,7,21
2905,478,5,2
4414,205,8,44
3342,331,2,46
2456,338,4,11
4952,363,4,53
4405,384,3,81
1855,216,8,66
2295,43,10,26
4897,296,3,12
750,201,4,87
490,498,10,24
4815,403,8,77
3443,219,8,34
4699,348,8,59
3261,209,3,52
4064,307,6,14
4021,421,1,55
2979,395,9,35
4085,35,9,34
1017,270,3,21
3125,288,10,4
4501,457,2,28
1279,210,5,15
4277,235,7,95
2271,461,9,44
3464,73,5,40
1235,384,2,81
4882,256,9,88
4912,212,1,94
3505,246,10,32
1747,276,9,85
640,48,5,13
3298,322,3,37
71,427,6,8
233,458,10,34
4028,405,3,49
3594,86,8,81
1495,472,2,68
1127,295,8,16
872,152,3,11
3413,488,3,31
967,59,3,29
4241,295,9,16
2217,482,4,64
3393,178,6,91
3385,236,5,26
2557,467,8,81
3155,494,5,69
238,408,8,8
3279,437,10,67
868,191,8,77
891,77,2,42
4013,156,9,34
4589,483,2,61
3585,85,5,43
457,255,7,64
3568,220,1,75
1568,66,8,77
3094,152,4,11
4537,490,4,44
1161,172,6,79
3328,201,2,87
134,441,2,1
3223,280,6,86
3727,52,1,1
4013,273,8,60
4565,13,10,99
1116,212,4,94
266,62,10,11
3708,375,5,57
3949,392,5,32
2632,126,1,21
3800,76,4,19
1436,357,2,29
1587,17,5,93
3020,293,6,25
1879,274,6,1
3434,286,10,66
2215,454,2,17
3195,359,2,47
1002,143,6,95
3837,391,3,8
4624,119,9,1
4446,68,5,72
4904,383,8,49
615,410,7,23
2822,448,6,18
4003,175,10,83
2384,241,7,20
1417,313,1,8
4490,304,1,99
4912,101,5,19
3489,83,8,97
89,396,6,54
3168,198,7,15
4968,312,9,79
2989,415,1,7
2275,192,3,35
3366,434,5,100
2098,421,5,55
2100,315,5,88
1833,417,10,72
2181,427,1,8
3258,267,8,84
4550,174,1,80
3408,96,10,79
3188,425,6,33
1894,19,6,47
507,462,6,15
1777,105,9,63
4956,483,3,61
2269,421,2,55
2604,50,4,46
1937,355,4,53
775,248,8,1
1879,329,9,100
636,86,10,81
1622,9,3,74
1899,235,6,95
1604,375,2,57
1129,481,3,82
239,22,10,12
1499,76,4,19
4627,269,10,44
2931,47,9,80
3198,194,7,51
2053,65,6,77
578,304,9,99
2063,381,2,31
4308,188,10,89
1070,166,3,73
2211,106,4,40
2317,426,5,91
4842,389,3,69
2282,65,4,77
2562,46,3,26
2596,224,10,11
4383,286,8,66
4896,463,5,27
681,313,7,8
2727,282,3,65
4963,494,3,69
3259,76,9,19
3261,137,2,72
4361,485,6,61
1143,462,8,15
3052,86,6,81
1000,205,6,44
620,384,2,81
1927,453,8,5
1011,334,3,75
4954,8,8,73
3759,269,3,44
326,333,9,60
677,159,2,5
3750,76,9,19
1549,263,2,39
3092,432,2,38
2888,148,1,26
3550,94,2,77
2625,36,3,65
4630,110,5,8
2235,416,8,81
3476,295,3,16
1791,314,7,52
1434,375,2,57
3521,273,6,60
3429,31,4,10
3190,483,5,61
598,253,3,11
2652,227,8,68
2778,387,5,50
1929,291,8,51
4564,208,2,11
3118,351,5,71
4245,398,6,90
2965,8,4,73
3756,121,4,69
3371,72,5,38
4494,155,2,49
4604,13,7,99
142,325,9,59
1868,325,5,59
9,109,3,17
4487,3,2,85
2498,342,7,46
2541,134,2,1
3181,472,6,68
4994,328,10,30
919,6,9,87
583,437,9,67
930,116,6,61
2001,37,3,96
1852,456,3,42
216,313,8,8
711,414,6,6
248,208,8,11
1902,172,6,79
2694,231,6,25
4998,95,4,92
1647,223,9,38
2639,247,9,65
3083,276,10,85
4493,121,6,69
2684,313,1,8
3391,259,10,15
3531,455,3,42
779,112,7,25
755,367,3,13
1627,386,9,23
4873,283,2,46
1405,485,1,61
128,286,3,66
4366,446,2,9
3456,65,10,77
4044,290,3,36
2036,112,6,25
712,381,5,31
1598,296,9,12
4699,6,7,87
157,132,2,90
3938,195,5,8
2972,286,4,66
1737,45,1,86
4896,172,3,79
3250,72,6,38
4305,421,7,55
2505,325,7,59
1882,415,8,7
4970,32,1,27
2717,191,8,77
2729,416,8,81
1892,132,7,90
888,298,7,86
4337,207,7,26
2382,30,3,68
3332,223,4,38
1921,225,7,6
4324,132,4,90
963,427,4,8
4455,369,9,84
2415,415,4,7
1689,103,5,94
497,497,7,75
2684,106,4,40
908,276,5,85
3884,344,9,69
567,219,9,34
195,272,10,50
3283,450,7,40
3813,314,7,52
1078,382,7,22
3652,135,4,88
1698,195,4,8
84,366,1,68
4152,226,1,1
1861,381,10,31
2661,4,4,8
4315,40,2,4
3805,102,1,37
3722,295,8,16
3345,390,5,85
1913,333,7,60
2171,496,6,54
1736,122,7,33
844,112,10,25
2083,491,4,60
2441,27,8,2
2133,349,6,77
1470,255,9,64
2405,310,2,30
4696,128,3,83
1198,264,2,21
2446,118,3,34
1599,7,7,4
958,260,9,16
940,406,1,85
4708,370,2,76
4300,304,10,99
135,69,6,57
2432,310,6,30
918,202,7,27
212,260,10,16
4840,308,10,8
2946,484,10,54
4810,459,1,96
1442,298,10,86
2330,370,5,76
3705,40,7,4
2839,342,3,46
3080,349,6,77
2521,279,1,77
4901,185,4,38
320,383,8,49
3399,425,3,33
2848,183,6,59
1848,37,9,96
2335,47,5,80
204,449,8,74
2162,484,3,54
3938,219,6,34
4057,339,6,44
1772,145,4,75
1246,45,3,86
4884,154,4,4
411,233,1,85
160,224,3,11
3216,466,9,51
3188,305,3,83
2753,288,5,4
2940,420,2,14
3207,419,1,100
102,356,4,33
831,335,3,76
2521,46,5,26
3567,383,8,49
2515,67,7,27
4503,2,8,7
2036,284,4,38
3732,65,8,77
355,53,1,100
3166,364,7,86
4655,241,10,20
3152,448,2,18
4885,357,8,29
1435,290,6,36
2459,276,6,85
1795,24,2,41
4567,64,6,79
501,150,5,74
440,137,2,72
4445,109,3,17
841,54,6,31
4303,61,10,8
3819,90,6,3
474,329,5,100
364,480,3,42
4435,442,7,57
3383,190,8,83
4394,83,9,97
4264,488,10,31
3256,35,2,34
1255,132,9,90
667,110,9,8
4314,465,5,38
3602,138,8,47
3048,271,2,77
3845,92,10,75
3187,213,10,85
4237,485,8,61
3212,490,9,44
3377,155,4,49
2957,60,9,43
3037,80,3,76
4881,479,3,79
2670,43,7,26
1808,241,8,20
4357,268,2,72
4145,193,8,99
4792,43,4,26
1946,105,2,63
3362,380,4,42
2131,346,9,48
318,274,6,1
101,218,5,25
1788,165,8,1
2767,231,2,25
71,169,6,53
1075,422,7,56
1872,231,8,25
5000,140,7,95
4290,158,6,63
1116,449,4,74
1597,395,7,35
4762,457,5,28
4088,104,6,47
4495,68,3,72
2881,199,5,12
243,420,9,14
2175,167,6,6
2726,65,9,77
2631,92,10,75
4127,498,3,24
1853,424,2,15
3123,248,9,1
192,132,1,90
492,288,2,4
1134,322,5,37
2048,303,8,45
2603,304,8,99
93,236,10,26
4667,320,4,36
1341,398,3,90
1570,163,9,17
3074,246,6,32
2976,430,6,32
4290,118,9,34
851,377,10,65
3148,194,1,51
2938,259,3,15
436,185,6,38
1120,66,7,77
4447,351,7,71
1394,472,4,68
1420,19,10,47
3251,191,1,77
4081,497,3,75
137,63,8,26
3858,123,1,86
2849,2,8,7
3112,284,5,38
1409,500,7,2
4200,15,8,40
4403,34,6,14
161,438,6,51
2829,285,8,18
3138,375,8,57
675,222,4,54
3699,8,1,73
2797,2,5,7
1139,287,8,31
4641,371,5,75
154,273,8,60
3649,199,4,12
1043,145,10,75
3930,6,9,87
2496,426,6,91
1577,350,2,100
4660,250,10,63
321,20,2,79
1998,14,3,47
3150,242,6,93
1291,239,6,96
3861,333,8,60
2801,310,7,30
920,229,4,13
28,339,5,44
3079,143,2,95
4344,70,1,63
11,18,8,51
214,392,4,32
4583,196,9,34
754,420,4,14
4959,207,9,26
181,52,6,1
3834,116,6,61
4437,357,3,29
388,121,9,69
2477,55,1,70
4138,269,9,44
3954,50,5,46
3168,399,2,66
1588,444,7,43
74,245,2,61
949,88,7,48
1310,25,10,43
3184,236,4,26
3621,341,1,2
1369,277,10,55
3235,158,8,63
4839,303,10,45
402,132,1,90
1761,279,7,77
4487,486,1,30
4934,356,5,33
1085,39,10,14
2953,75,6,86
4630,5,10,81
3464,424,3,15
2133,316,4,84
3035,190,8,83
3137,258,7,86
3151,284,6,38
326,3,5,85
2237,296,3,12
1133,15,6,40
1897,164,6,5
4091,69,5,57
2945,467,9,81
2631,357,6,29
169,450,5,40
778,476,7,29
3446,403,1,77
745,473,9,27
3654,10,4,79
2971,77,10,42
2066,477,6,71
3036,225,10,6
4257,36,1,65
1670,412,4,75
1193,373,3,74
1004,18,2,51
2751,460,3,8
2065,89,9,68
4248,337,7,30
4722,463,3,27
1406,250,3,63
1427,11,10,65
1795,391,3,8
1729,236,10,26
1716,391,9,8
2456,386,10,23
4309,435,1,34
3200,109,4,17
4803,415,9,7
2874,104,10,47
4718,415,9,7
2535,101,3,19
3936,473,6,27
4064,190,7,83
999,417,4,72
3209,15,6,40
2650,386,10,23
4965,493,5,33
41,139,4,71
3901,407,10,52
2639,178,10,91
104,23,8,51
4053,361,5,49
3154,36,8,65
1146,385,9,40
4244,70,10,63
4301,399,4,66
1534,22,8,12
3400,5,5,81
899,128,10,83
2072,177,7,64
2466,6,1,87
746,148,6,26
1524,483,9,61
1363,25,3,43
1149,53,10,100
3612,350,6,100
1421,460,9,8
1339,384,2,81
2362,397,8,74
1972,77,9,42
2735,344,2,69
2704,374,5,50
4240,121,7,69
4182,322,7,37
118,154,4,4
604,357,2,29
1550,41,8,20
1515,4,6,8
3753,27,9,2
1930,377,2,65
2712,403,1,77
602,447,7,27
2556,88,10,48
4057,122,9,33
4921,276,2,85
718,167,7,6
4880,137,10,72
744,474,2,20
2774,437,7,67
1638,367,8,13
1291,172,4,79
2613,261,1,4
3964,410,4,23
4147,330,1,14
3970,366,2,68
1326,459,3,96
2598,329,4,100
2197,20,8,79
2168,91,9,24
1081,14,5,47
2534,334,9,75
4150,434,9,100
2161,37,4,96
2583,265,7,96
2854,375,1,57
2543,316,4,84
1720,282,10,65
2268,225,2,6
4003,499,2,38
417,248,1,1
721,2,6,7
1874,402,7,63
934,135,7,88
4874,473,5,27
1428,319,9,83
2036,78,5,5
4239,7,2,4
745,30,9,68
1087,428,9,31
2646,179,2,97
1352,304,10,99
2557,185,4,38
4943,106,9,40
3922,411,8,45
1907,304,7,99
3776,451,10,98
1066,44,8,28
4615,450,10,40
896,492,5,82
2745,74,5,28
4396,190,9,83
4643,115,8,9
237,82,4,100
62,178,10,91
2085,476,10,29
1816,139,7,71
2580,462,2,15
855,497,5,75
1563,333,1,60
2842,112,7,25
683,143,6,95
4559,194,5,51
921,113,7,78
2631,326,6,88
4539,371,2,75
2485,109,2,17
1500,165,5,1
832,412,5,75
1712,52,3,1
1272,22,1,12
4942,459,8,96
4196,262,9,31
400,335,10,76
3346,356,9,33
4304,110,1,8
3573,414,6,6
4195,86,2,81
4795,328,5,30
225,376,8,80
4938,217,9,22
1647,422,2,56
1317,31,2,10
4094,82,1,100
2500,165,3,1
694,223,9,38
1575,357,8,29
2685,350,1,100
1093,285,6,18
4061,91,1,24
4282,120,6,23
2275,308,3,8
3099,165,5,1
411,431,9,1
2577,354,5,94
2646,390,7,85
2108,200,5,68
2843,441,3,1
430,183,9,59
4271,182,2,18
2769,36,7,65
4639,384,5,81
4607,155,5,49
2095,2,6,7
45,358,9,88
1250,69,1,57
3175,247,2,65
1293,31,10,10
4160,90,10,3
3369,78,1,5
96,46,9,26
162,424,6,15
1364,77,4,42
3974,414,1,6
1765,336,6,62
3618,15,6,40
3017,106,2,40
1986,424,5,15
1142,311,5,75
919,117,3,18
3052,63,5,26
1462,6,5,87
3893,90,2,3
323,54,10,31
107,379,2,51
4462,490,6,44
485,224,7,11
2178,300,5,11
4149,457,10,28
377,171,10,53
1857,5,5,81
34,217,9,22
2005,438,8,51
1552,134,2,1
3873,200,3,68
4384,133,9,65
701,396,7,54
978,280,7,86
2665,150,1,74
1336,174,8,80
1088,107,10,93
2872,276,1,85
3196,395,3,35
105,159,3,5
3968,250,2,63
4595,465,5,38
1518,8,1,73
707,435,4,34
278,196,1,34
2087,70,5,63
1479,335,7,76
1270,171,3,53
713,236,1,26
147,31,6,10
2082,270,6,21
3400,104,3,47
4750,383,6,49
4072,64,8,79
292,159,4,5
1058,399,3,66
950,165,1,1
539,182,9,18
802,306,5,27
4728,223,1,38
3263,379,1,51
3031,374,3,50
4779,175,2,83
2604,260,6,16
1329,456,1,42
4635,334,2,75
2452,146,5,36
1342,178,10,91
4432,61,10,8
1157,74,3,28
179,28,9,22
1138,121,4,69
1146,388,4,79
1529,123,5,86
818,251,6,5
1374,213,6,85
3055,374,10,50
432,391,7,8
252,399,7,66
3462,83,8,97
710,385,1,40
305,30,4,68
4174,353,6,9
814,21,6,63
400,154,10,4
3390,202,10,27
1237,349,4,77
3347,287,8,31
4212,167,10,6
1203,390,2,85
2021,407,10,52
3534,211,10,13
1458,93,6,18
1826,412,5,75
1352,183,5,59
4775,163,5,17
1595,369,10,84
347,12,7,14
2965,350,1,100
299,56,4,30
1198,181,6,77
4915,158,2,63
4400,497,5,75
153,98,7,24
158,54,7,31
219,180,2,6
207,194,8,51
4150,451,7,98
1200,212,7,94
3706,169,5,53
3364,345,10,91
3803,228,8,28
313,110,10,8
226,130,8,66
1517,290,9,36
3304,346,3,48
2676,133,10,65
4827,99,4,41
2849,205,3,44
2160,456,5,42
218,152,2,11
1303,363,1,53
1950,370,2,76
4248,134,5,1
3115,290,1,36
2490,5,8,81
3133,3,5,85
3221,106,4,40
3113,164,6,5
316,466,7,51
2486,95,9,92
146,431,2,1
3004,110,9,8
4742,243,1,55
1463,42,5,66
3643,398,3,90
1633,185,9,38
3350,264,6,21
2527,28,1,22
1320,433,7,84
4524,23,7,51
2656,64,5,79
3641,39,10,14
4026,332,4,30
4637,442,9,57
1475,216,6,66
2644,281,1,96
1403,387,1,50
1175,175,1,83
932,223,9,38
2519,54,10,31
1613,150,5,74
4597,195,9,8
2073,352,9,77
3537,195,3,8
1986,295,2,16
3541,245,8,61
3037,252,7,19
1333,208,10,11
2011,462,5,15
95,269,6,44
2404,299,9,15
1020,268,7,72
1039,27,1,2
4295,35,9,34
2227,41,4,20
2085,175,6,83
858,165,7,1
134,204,1,48
1183,214,9,89
3456,6,3,87
160,352,10,77
3288,429,1,63
2583,182,3,18
1368,495,3,25
925,109,6,17
479,34,10,14
1415,480,5,42
3909,347,4,27
4443,439,5,14
4709,235,3,95
292,375,4,57
2064,365,9,85
3982,97,5,65
1415,86,7,81
4670,123,3,86
1666,20,7,79
4079,411,2,45
646,302,8,62
694,185,3,38
2269,298,5,86
4692,313,4,8
3543,391,1,8
2741,385,8,40
4612,494,8,69
2016,10,9,79
3019,102,3,37
693,137,4,72
4822,180,5,6
3292,119,4,1
1265,100,1,100
1528,435,8,34
740,258,7,86
2514,236,9,26
3344,488,7,31
1210,485,4,61
3340,122,4,33
1330,369,2,84
3050,90,1,3
4516,58,9,13
1157,139,2,71
4587,446,7,9
682,387,7,50
4551,301,9,28
1227,46,3,26
1864,273,9,60
4254,67,7,27
698,138,1,47
1101,392,9,32
356,477,9,71
2368,417,8,72
4138,208,1,11
3537,181,1,77
1035,144,2,11
3255,363,6,53
3788,94,1,77
2352,436,1,81
3623,126,10,21
2492,242,8,93
3849,210,10,15
4669,333,8,60
692,488,1,31
1727,233,6,85
782,251,1,5
2905,179,2,97
729,308,5,8
3832,346,10,48
2525,348,1,59
641,76,10,19
4628,267,4,84
554,53,3,100
2237,297,6,44
3441,486,3,30
2328,313,6,8
682,363,7,53
2290,216,9,66
3282,390,7,85
1365,38,8,62
4317,474,4,20
49,417,1,72
558,276,10,85
2388,102,2,37
4120,459,2,96
2132,470,10,68
36,413,10,70
4894,103,9,94
1466,68,6,72
3965,231,9,25
3845,14,2,47
2433,295,8,16
197,160,10,87
386,304,8,99
2599,389,3,69
286,420,9,14
499,286,3,66
4469,258,2,86
185,143,10,95
170,420,6,14
475,137,8,72
301,96,3,79
3061,337,3,30
4679,167,8,6
2739,116,2,61
1821,187,5,81
1411,27,1,2
245,136,8,99
1688,281,1,96
3888,253,7,11
681,499,9,38
2187,432,7,38
113,180,2,6
2879,198,5,15
4577,94,9,77
4349,329,2,100
3490,494,3,69
528,346,4,48
162,430,4,32
4304,14,8,47
4845,280,8,86
428,359,1,47
1120,25,4,43
3873,170,1,70
2771,310,5,30
948,72,3,38
23,462,7,15
3894,348,9,59
4737,156,3,34
4785,31,1,10
1818,366,2,68
3496,45,3,86
1839,296,4,12
285,319,6,83
465,345,1,91
767,248,1,1
4585,187,7,81
1378,246,10,32
4249,398,10,90
120,494,2,69
1073,351,9,71
4198,242,3,93
2949,158,3,63
85,67,9,27
3229,133,4,65
376,443,5,37
4890,149,2,24
128,447,3,27
4290,96,7,79
139,152,1,11
2664,412,9,75
4997,170,8,70
4354,77,9,42
2477,148,4,26
1939,152,6,11
460,266,5,57
1570,366,3,68
1052,208,4,11
1898,254,1,67
3121,310,9,30
4501,39,7,14
1837,460,2,8
3798,476,4,29
1520,303,2,45
3070,248,8,1
1130,371,7,75
3115,116,8,61
2808,92,5,75
3305,249,8,86
3326,395,1,35
4781,136,10,99
3995,312,4,79
3289,67,9,27
1735,117,1,18
4474,70,7,63
2983,476,9,29
2029,317,2,82
3312,238,6,12
1757,422,3,56
308,83,7,97
3659,428,4,31
265,449,10,74
17,415,4,7
4274,37,4,96
479,119,4,1
4996,52,8,1
3100,235,8,95
1718,476,2,29
1182,26,2,88
558,330,9,14
699,370,7,76
1337,251,2,5
4084,82,10,100
1759,303,6,45
4219,254,3,67
4886,493,2,33
1124,87,3,58
3583,255,7,64
159,305,3,83
3838,82,7,100
2494,499,4,38
4262,173,4,72
845,333,1,60
1554,277,3,55
3867,219,7,34
551,185,6,38
2387,245,6,61
2301,293,8,25
2389,83,6,97
1554,269,8,44
4390,173,2,72
4035,358,3,88
2314,294,8,57
4036,408,6,8
706,338,1,11
169,376,5,80
248,171,10,53
4285,368,5,15
4054,487,6,47
4779,208,9,11
3651,428,8,31
4908,190,7,83
799,59,7,29
4436,107,1,93
1225,222,1,54
2698,265,6,96
4204,496,10,54
2454,312,3,79
4367,39,7,14
4360,24,9,41
2729,458,5,34
4998,306,2,27
1357,428,1,31
1711,290,1,36
1315,179,2,97
3618,478,2,2
1461,298,7,86
1867,339,4,44
2988,474,6,20
99,251,2,5
410,368,7,15
2844,172,6,79
2161,32,5,27
1978,364,9,86
683,470,1,68
2530,401,8,11
2079,423,6,57
4096,144,5,11
1911,161,3,42
3923,420,10,14
4700,20,9,79
854,348,6,59
1460,287,5,31
4276,70,3,63
2361,267,9,84
1077,274,9,1
4280,359,8,47
793,53,4,100
4532,489,1,52
4027,127,10,50
4593,22,6,12
2746,185,9,38
907,461,6,44
4019,220,1,75
3785,482,8,64
3235,372,7,99
3789,244,7,98
4655,358,1,88
3673,364,7,86
271,377,10,65
4890,120,1,23
621,62,4,11
1758,187,2,81
3344,249,10,86
971,337,4,30
4316,32,9,27
3722,312,9,79
4879,357,1,29
3051,172,4,79
4314,487,7,47
2906,493,5,33
2620,23,7,51
4044,60,4,43
1035,119,5,1
4342,400,1,98
546,468,7,54
4822,319,2,83
4664,481,3,82
3630,216,8,66
921,397,6,74
161,77,6,42
1137,87,8,58
192,418,4,15
1872,114,5,15
4076,464,2,29
3633,160,5,87
1158,398,4,90
1623,48,9,13
46,340,7,62
1949,278,2,93
3100,21,3,63
4549,210,8,15
3665,25,9,43
4416,111,1,18
2048,53,2,100
4348,426,10,91
1622,484,10,54
3046,366,7,68
955,92,2,75
670,426,9,91
499,363,4,53
1931,383,6,49
3044,450,7,40
3442,123,3,86
1000,314,5,52
3376,23,1,51
509,117,4,18
4241,435,2,34
4353,127,7,50
2801,462,3,15
222,358,3,88
535,139,2,71
430,113,8,78
414,83,7,97
4965,74,3,28
559,219,1,34
2014,425,4,33
3356,62,8,11
1352,187,8,81
7,433,1,84
3697,474,3,20
4599,245,2,61
402,494,5,69
1331,390,6,85
4028,67,6,27
4559,332,1,30
1545,226,9,1
3866,336,1,62
4303,59,9,29
2716,343,1,79
4097,331,10,46
1179,386,1,23
1034,366,3,68
3551,214,8,89
170,409,1,26
1795,314,2,52
4846,455,1,42
4295,357,5,29
1988,475,7,2
3069,76,5,19
4967,58,10,13
4828,358,4,88
3228,369,10,84
2861,108,6,7
1223,16,2,13
1892,400,9,98
1615,434,9,100
2002,221,3,38
477,17,9,93
4432,178,1,91
651,99,3,41
2646,485,5,61
4268,358,1,88
1066,308,2,8
694,313,3,8
4301,318,5,100
1640,32,4,27
3694,50,6,46
511,330,5,14
4911,159,5,5
3315,281,8,96
729,99,7,41
593,304,1,99
4243,497,8,75
4581,22,8,12
4818,254,6,67
1454,177,1,64
4369,245,4,61
113,85,5,43
2212,132,1,90
1681,375,9,57
2707,205,6,44
4547,46,9,26
4262,322,3,37
780,4,3,8
1848,99,5,41
3352,18,4,51
4248,478,7,2
2361,375,8,57
3021,35,6,34
2790,344,7,69
1394,20,5,79
4852,103,10,94
4426,130,5,66
2922,277,4,55
1545,62,8,11
3862,200,4,68
3926,109,10,17
3920,410,10,23
4529,410,1,23
1165,416,6,81
423,411,2,45
3716,183,4,59
546,453,5,5
271,415,5,7
3777,185,2,38
1575,271,1,77
1833,65,10,77
4046,199,9,12
4137,31,6,10
3293,112,9,25
3213,164,10,5
2758,132,10,90
1366,185,2,38
2354,54,3,31
2834,232,7,33
2243,156,7,34
