2145,406,5,96
2653,408,3,78
1501,364,8,55
317,199,8,71
3873,407,9,59
1176,466,4,81
1940,385,1,79
1501,197,2,47
68,7,6,100
387,255,4,73
1246,193,10,85
29,135,8,71
3578,225,5,8
2485,469,9,76
2451,53,7,22
4791,73,5,95
3022,448,3,77
3181,397,8,6
4103,189,1,40
916,150,9,34
2316,36,1,41
2719,126,5,49
1041,366,5,16
272,384,2,17
3072,412,2,77
4635,256,2,69
4570,389,4,18
474,172,9,66
2879,144,4,33
4383,244,4,35
885,159,10,7
2690,82,9,66
70,423,1,71
2404,394,6,97
3205,326,4,22
4628,354,9,38
4180,248,9,85
2837,439,3,80
3312,77,9,23
1297,2,9,94
1758,10,3,60
3963,121,2,41
1238,496,3,73
4198,301,1,82
4974,403,3,43
3677,404,2,49
2965,150,10,34
3412,264,2,2
1744,489,9,65
549,260,1,99
1404,63,2,24
3399,439,7,80
1442,292,5,49
390,141,5,50
1978,376,6,35
3187,203,9,91
230,343,9,11
1873,414,5,37
2907,398,10,42
3617,308,4,6
4198,231,3,89
4038,17,2,63
575,180,5,79
3008,250,1,35
195,363,6,85
3767,420,4,38
2503,256,4,69
3318,401,9,34
3900,173,4,12
4096,55,9,19
1533,127,7,75
3831,278,3,79
2519,230,10,19
1146,446,4,53
3870,186,4,55
877,129,1,83
878,48,8,19
2582,266,9,38
1951,149,1,57
1110,269,2,24
3416,322,6,77
4382,383,6,54
250,236,9,64
1172,235,10,84
1954,130,4,30
3928,72,2,62
3323,209,2,31
1710,183,7,67
673,443,3,92
3043,81,10,22
3891,420,8,38
52,236,5,64
1158,142,5,76
1516,110,5,36
407,47,1,70
2168,71,1,82
3910,409,8,9
4562,269,10,24
1855,454,5,54
3369,485,5,80
764,263,4,15
4236,321,2,19
1935,4,7,46
129,202,5,100
4924,176,9,48
4852,413,2,40
4772,175,4,94
2807,285,6,6
3989,177,3,1
1044,234,8,44
1309,421,4,97
720,229,4,22
804,281,10,38
3214,136,3,12
2635,343,5,11
2150,485,4,80
4648,246,8,83
1833,361,3,4
4494,3,8,42
1123,241,3,89
1759,338,6,52
4983,31,10,31
1693,316,10,38
1944,378,4,10
3468,123,10,69
4148,376,10,35
2898,214,9,71
1174,161,2,49
1465,490,7,63
2977,465,8,85
4120,337,5,4
4895,128,5,36
1928,221,7,85
2805,462,8,4
4827,406,7,96
3581,373,10,28
3777,216,6,22
1716,195,8,82
2874,376,2,35
1392,236,10,64
3840,353,5,68
3786,275,6,82
4547,393,10,51
4006,308,4,6
1918,316,7,38
2991,371,2,39
1635,57,6,100
947,301,6,82
4121,385,10,79
534,190,6,11
225,233,7,72
2160,397,4,6
330,70,7,5
248,427,2,33
3134,282,2,56
1313,333,3,55
2595,293,8,32
4114,97,9,16
3923,376,7,35
4679,208,3,55
1370,90,3,70
728,125,4,29
4439,97,6,16
100,396,2,91
3013,151,2,76
2273,183,8,67
4043,246,7,83
1726,456,6,37
2098,73,4,95
1784,279,7,5
3085,49,9,2
747,294,10,74
4018,188,10,32
1236,399,5,98
1157,315,4,28
4188,257,3,97
2100,300,7,41
4319,295,10,72
1256,358,7,100
1557,343,4,11
1193,153,1,23
1299,384,7,17
3150,415,4,12
4096,70,7,5
680,220,10,48
1298,318,5,87
4586,56,2,29
2482,481,8,28
999,372,1,73
532,461,10,73
2934,20,2,27
2998,455,1,31
1995,461,9,73
747,228,6,25
3000,285,6,6
2958,191,5,63
4526,21,2,59
1097,110,1,36
2717,84,9,86
3376,27,2,69
3179,77,1,23
3555,297,4,51
1432,89,3,51
3030,375,1,64
376,46,9,88
3319,260,7,99
3568,158,8,29
2870,345,3,56
3064,56,5,29
609,132,6,15
4235,333,5,55
3921,79,3,96
987,61,9,94
835,464,5,35
4059,425,6,19
784,434,5,61
1187,187,9,93
2905,266,1,38
4084,401,7,34
584,318,5,87
749,344,4,58
779,146,1,18
247,168,10,40
2895,379,9,32
721,435,1,91
3110,22,10,58
2150,478,1,35
2127,375,2,64
2367,216,2,22
4988,284,5,1
1196,313,4,41
872,29,3,26
2296,482,1,77
3642,214,9,71
576,153,5,23
3371,343,3,11
3933,408,3,78
1319,247,5,42
2550,173,3,12
769,176,4,48
1967,430,7,37
320,19,5,54
4899,314,2,32
1995,266,6,38
4179,78,1,68
3626,52,10,39
139,42,8,78
499,106,10,45
1464,482,8,77
297,331,4,67
3841,403,3,43
4831,93,4,71
664,54,5,12
2102,387,3,24
1594,55,1,19
3270,139,4,44
4352,227,9,3
1309,476,10,69
214,195,8,82
3788,95,8,49
1253,51,3,50
3979,493,1,50
1516,463,7,37
1593,496,4,73
1661,493,3,50
431,237,3,1
2921,72,9,62
967,299,10,50
3285,417,10,33
4359,457,8,65
2629,258,3,9
4064,189,9,40
141,436,3,80
522,203,7,91
4834,358,7,100
286,211,3,13
4310,166,8,31
3365,333,7,55
1290,60,4,77
3317,1,9,54
2364,4,6,46
4711,372,1,73
2556,54,10,12
3787,84,1,86
421,113,6,59
3263,404,1,49
4211,341,9,76
432,5,3,45
2884,194,6,13
4877,30,9,74
1948,493,1,50
1361,435,8,91
3163,343,5,11
941,41,9,76
505,336,4,44
2031,465,1,85
3141,25,1,45
1823,238,7,11
3966,107,6,19
1790,21,4,59
4541,441,1,67
3955,496,2,73
3520,336,1,44
2792,421,2,97
1846,247,8,42
1298,428,2,15
2669,189,5,40
2311,257,8,97
4207,416,2,88
712,323,3,98
3085,94,5,24
418,9,6,2
2433,90,4,70
4269,485,5,80
3539,363,6,85
1352,369,6,36
4383,462,4,4
1194,128,7,36
4247,57,4,100
3680,270,6,86
1153,80,4,68
4240,430,2,37
4347,239,2,18
10,316,2,38
878,494,9,16
1308,216,3,22
2680,30,3,74
175,79,10,96
4758,56,9,29
1566,230,3,19
148,341,10,76
1379,119,5,100
2112,77,5,23
1296,125,7,29
3867,183,3,67
3099,204,9,19
526,167,6,17
3364,195,7,82
1400,42,4,78
2514,386,5,22
4826,28,10,43
3262,337,9,4
4142,444,10,78
3215,42,4,78
1700,456,3,37
792,322,1,77
4919,438,9,42
1913,283,1,42
1730,295,4,72
2980,117,8,99
4888,305,1,28
67,413,2,40
3579,365,7,31
171,19,4,54
1392,98,5,80
50,60,6,77
4777,414,7,37
1948,190,10,11
1643,278,1,79
2211,312,6,83
482,268,6,65
1016,369,7,36
4215,359,8,78
2499,388,10,37
3259,108,8,7
4482,187,2,93
4250,307,7,97
4655,349,7,7
3601,383,8,54
587,296,2,24
1854,177,8,1
1051,349,6,7
2796,274,1,83
2379,461,4,73
2043,286,5,22
351,306,2,93
1904,46,5,88
4228,473,3,56
1087,346,3,31
395,482,6,77
4963,314,7,32
2016,321,6,19
276,56,6,29
1763,52,5,39
3270,216,4,22
2634,22,3,58
3198,85,2,7
3126,421,6,97
2969,378,4,10
4090,175,4,94
872,33,4,1
4841,32,8,44
446,490,4,63
1385,13,6,40
907,380,4,10
1522,24,6,20
2801,262,9,56
2140,232,3,49
2898,211,8,13
3272,141,5,50
1114,9,6,2
309,97,6,16
2076,495,10,83
3798,387,9,24
1192,223,2,11
4941,230,1,19
823,60,8,77
1286,179,5,3
3243,331,1,67
2605,131,9,20
1341,4,5,46
1474,182,5,59
3885,263,6,15
4915,453,9,21
2430,430,10,37
4902,220,8,48
2869,318,3,87
3818,409,9,9
3163,1,9,54
3771,178,6,24
4145,499,7,56
1193,102,6,73
1650,465,5,85
2445,257,9,97
935,410,5,43
3582,353,9,68
1651,453,7,21
2380,287,9,71
4566,163,9,8
1059,143,8,92
1613,441,4,67
976,72,6,62
1287,7,4,100
3973,345,10,56
958,300,5,41
758,234,8,44
2259,246,5,83
1405,463,4,37
246,302,8,2
3288,445,5,8
1080,16,8,17
552,130,4,30
46,395,5,40
450,16,9,17
4725,364,1,55
2177,301,6,82
4906,227,10,3
3599,460,3,24
174,323,8,98
3269,235,8,84
48,25,9,45
3322,83,4,59
4173,307,6,97
2238,117,1,99
4981,112,3,85
2025,21,2,59
4783,99,6,58
4481,230,8,19
1731,422,10,88
189,130,6,30
431,248,6,85
2898,388,2,37
3873,172,10,66
485,349,3,7
2370,150,3,34
967,409,8,9
495,243,3,95
104,104,9,37
4304,119,8,100
282,498,5,84
308,468,1,58
3122,354,1,38
2410,249,6,58
1855,165,9,28
4134,355,1,36
4638,454,10,54
2030,31,3,31
957,285,3,6
1229,263,4,15
2467,29,3,26
3731,327,8,25
457,85,9,7
3068,42,8,78
1274,176,2,48
3786,388,6,37
2789,182,8,59
3765,373,10,28
3011,360,9,12
4267,411,9,48
1735,410,6,43
3361,154,6,3
2848,367,9,20
1911,412,3,77
2214,482,4,77
3265,12,6,71
3754,185,4,28
2073,213,3,70
1551,95,1,49
4180,305,3,28
1024,195,8,82
947,223,9,11
2973,473,2,56
1573,202,10,100
3495,96,4,38
4183,478,1,35
2479,85,8,7
1160,450,7,59
1956,90,1,70
164,375,9,64
3363,169,5,11
3289,482,5,77
4180,371,1,39
4026,118,9,8
4840,450,7,59
4481,72,2,62
2469,113,1,59
1635,217,6,89
1345,262,4,56
1655,83,7,59
1310,92,4,37
4399,292,10,49
4068,137,8,63
1222,321,4,19
2314,224,5,9
4347,31,1,31
3154,199,4,71
1265,293,2,32
59,151,3,76
2342,54,2,12
1105,62,9,2
2536,45,9,6
4090,309,6,19
4953,277,3,95
1781,337,9,4
3038,41,6,76
1091,7,3,100
3001,166,9,31
4916,301,7,82
3768,57,7,100
2318,114,1,96
3652,344,1,58
4680,421,8,97
4932,464,9,35
4184,398,4,42
2477,131,1,20
127,223,3,11
4500,190,9,11
2416,255,8,73
3037,163,7,8
2654,210,4,70
1357,368,10,36
799,367,8,20
470,103,1,17
109,405,10,30
3793,276,6,91
3031,364,4,55
526,249,5,58
1523,249,8,58
2653,459,3,83
4101,77,9,23
238,423,10,71
633,99,2,58
3568,4,10,46
26,473,4,56
3597,437,8,6
172,387,4,24
3529,411,5,48
3419,485,9,80
3702,119,10,100
4755,41,9,76
2948,259,6,49
4217,24,10,20
3345,107,9,19
2936,61,6,94
4153,5,4,45
43,249,8,58
489,107,4,19
763,199,7,71
2233,204,7,19
751,412,7,77
563,433,7,27
370,132,3,15
2733,211,5,13
545,269,4,24
3430,408,1,78
3652,313,4,41
2388,51,3,50
4907,239,1,18
4069,11,9,67
3628,269,5,24
2154,318,7,87
2563,65,6,88
237,369,5,36
1011,493,9,50
4816,373,6,28
4923,392,2,79
2676,464,6,35
262,113,1,59
228,33,6,1
2650,344,9,58
4184,439,9,80
3174,318,9,87
4454,465,8,85
4776,284,7,1
88,115,6,92
3398,417,8,33
3723,353,5,68
2927,448,3,77
1850,286,7,22
2879,326,1,22
4747,207,5,94
238,266,9,38
601,351,5,50
1662,357,10,63
2634,179,10,3
816,427,7,33
3026,342,4,74
167,354,7,38
4380,305,7,28
3041,297,10,51
1970,248,6,85
3330,371,1,39
3586,370,7,19
3121,387,4,24
735,60,10,77
4843,441,1,67
4380,409,6,9
338,428,7,15
3401,452,6,21
4864,480,7,51
2482,95,3,49
2460,60,3,77
60,63,3,24
2067,420,5,38
2267,462,9,4
3097,380,9,10
1092,64,10,24
2247,480,1,51
1657,460,5,24
1458,301,8,82
996,156,4,35
2070,389,1,18
4190,199,5,71
552,476,6,69
2300,301,6,82
4832,137,8,63
4128,406,3,96
4696,93,5,71
1485,474,2,96
136,450,10,59
1029,10,8,60
2535,431,5,78
3948,200,1,80
2225,51,8,50
4427,204,9,19
964,408,6,78
1448,155,10,99
4637,422,7,88
3679,263,9,15
4427,2,5,94
641,491,1,66
3501,356,4,4
1391,89,10,51
917,30,9,74
4742,334,6,19
4676,81,4,22
1974,100,1,73
2486,209,6,31
4217,183,1,67
4638,40,7,27
2516,130,2,30
4439,218,4,37
4219,444,5,78
3878,287,1,71
1144,475,5,23
4491,38,10,62
719,372,4,73
4284,4,7,46
3691,71,3,82
4557,219,7,74
4149,500,10,98
4181,421,9,97
2314,435,4,91
2623,191,4,63
2012,172,8,66
196,201,2,29
3823,374,6,29
870,436,10,80
1492,12,4,71
4253,316,5,38
406,280,1,47
3241,171,6,67
934,437,8,6
3530,4,2,46
223,128,4,36
834,6,5,45
34,190,10,11
2511,92,9,37
4428,327,10,25
3812,316,10,38
4556,210,5,70
1000,99,2,58
329,55,3,19
131,399,9,98
4035,16,9,17
1497,329,9,91
3603,348,9,41
3553,261,2,41
3183,371,4,39
2677,289,4,41
2911,30,4,74
4548,296,7,24
1044,248,4,85
424,278,2,79
3960,196,9,97
2374,211,1,13
3200,287,2,71
1527,201,7,29
892,297,1,51
3285,51,7,50
2415,413,4,40
599,8,3,17
100,228,8,25
82,174,9,34
911,500,2,98
3875,438,10,42
4118,250,2,35
350,496,7,73
1476,33,7,1
4942,258,6,9
1089,96,9,38
3966,332,1,34
3793,227,6,3
1904,498,3,84
1405,136,7,12
768,94,7,24
1903,46,10,88
4845,338,8,52
1508,73,7,95
1359,391,6,87
3487,22,9,58
1264,134,10,79
457,22,9,58
1048,453,1,21
1768,146,4,18
3231,101,8,86
2939,368,2,36
2063,130,10,30
1996,201,2,29
2199,299,4,50
3358,181,10,32
1765,212,10,14
1908,339,10,52
488,153,3,23
3862,105,3,48
4880,407,4,59
4941,366,5,16
2795,493,10,50
4273,344,8,58
3277,339,6,52
2303,36,1,41
207,309,9,19
2881,102,2,73
986,492,5,100
2938,42,6,78
635,322,4,77
3338,427,1,33
2676,5,7,45
997,122,8,67
4557,34,8,90
1366,259,9,49
2792,274,3,83
2139,202,8,100
1992,322,10,77
3427,413,5,40
1030,314,8,32
4955,257,5,97
4,134,2,79
3278,76,9,6
4224,412,3,77
1443,111,6,80
4504,162,2,14
1063,358,10,100
768,436,4,80
1529,430,4,37
2738,104,9,37
504,410,2,43
3936,234,8,44
2919,414,3,37
694,156,10,35
187,371,3,39
3196,100,5,73
1625,167,7,17
3148,120,1,82
3847,274,4,83
4818,151,6,76
3253,353,7,68
3924,229,1,22
4334,393,6,51
274,132,6,15
2191,162,2,14
3284,434,10,61
4942,37,2,28
1922,44,9,20
2440,242,9,56
2794,328,9,58
2211,194,1,13
1089,114,8,96
1058,42,1,78
3949,394,9,97
350,231,4,89
907,153,4,23
4361,307,5,97
4861,296,2,24
1588,361,8,4
1308,418,1,19
4688,465,1,85
3146,200,9,80
781,305,9,28
2926,91,1,66
4846,381,3,53
201,305,6,28
320,477,10,57
3790,191,9,63
2693,493,7,50
179,468,1,58
2503,188,10,32
27,198,8,4
1766,218,7,37
4032,500,7,98
604,26,5,9
1087,261,5,41
3883,100,6,73
2336,373,7,28
2760,308,2,6
4295,467,4,83
3257,478,4,35
994,253,8,47
1612,337,10,4
4381,26,3,9
657,461,4,73
2724,257,7,97
2350,342,5,74
1029,145,1,55
547,199,4,71
1938,52,9,39
738,416,9,88
1812,411,3,48
1359,245,4,29
644,290,2,74
250,138,6,6
3781,303,3,66
3792,14,5,85
3328,430,6,37
404,308,4,6
2399,403,2,43
3502,328,10,58
4759,404,9,49
1511,99,1,58
4681,410,1,43
4288,232,8,49
4402,59,1,58
1784,159,10,7
4774,378,6,10
435,14,6,85
2500,144,9,33
728,211,3,13
2476,346,10,31
1163,70,1,5
2602,130,2,30
1298,170,6,68
2822,441,2,67
540,470,5,56
3343,74,4,84
3372,492,2,100
282,100,6,73
2724,359,9,78
1213,117,5,99
3780,408,10,78
2381,399,1,98
752,98,8,80
1733,44,10,20
1779,443,7,92
2267,40,6,27
3360,165,5,28
4270,480,8,51
4755,146,10,18
755,377,9,67
4785,330,10,65
4555,305,2,28
169,311,10,67
3064,148,7,4
4255,424,8,50
311,322,1,77
247,422,6,88
3035,95,8,49
268,234,3,44
2916,50,5,85
97,207,10,94
548,41,7,76
1969,123,10,69
2977,153,4,23
4817,229,2,22
712,464,2,35
3558,65,4,88
4849,345,1,56
4609,18,2,95
2069,131,1,20
2944,33,5,1
1719,304,4,67
1558,166,10,31
1018,230,2,19
2192,120,5,82
695,97,2,16
2220,109,6,31
650,180,4,79
3115,102,1,73
232,155,2,99
1593,365,9,31
2175,216,2,22
1683,304,7,67
1829,266,9,38
2401,422,9,88
1739,86,3,59
4064,161,7,49
2683,412,7,77
2203,177,6,1
4482,150,1,34
3650,488,5,29
3596,96,3,38
2431,235,4,84
4693,357,9,63
4047,296,2,24
1065,67,7,26
1582,246,3,83
3752,307,2,97
4493,401,7,34
4126,363,9,85
3924,467,1,83
1956,73,1,95
4220,467,3,83
1006,53,9,22
4652,84,6,86
3791,399,7,98
595,359,3,78
1199,414,7,37
4680,310,9,23
3903,470,1,56
2172,273,6,32
3577,407,5,59
4475,3,1,42
4862,209,4,31
1454,418,1,19
3328,39,6,7
2157,321,9,19
1736,66,6,4
1414,471,8,2
9,259,10,49
2170,382,7,33
920,345,2,56
3649,146,6,18
176,424,6,50
2096,188,7,32
4361,272,4,70
1738,201,8,29
422,232,5,49
1067,261,2,41
2593,62,1,2
3620,315,3,28
305,411,3,48
2719,16,7,17
3009,142,10,76
716,200,1,80
3630,496,2,73
4170,152,10,34
488,143,5,92
2973,118,8,8
2458,461,5,73
3475,94,7,24
2757,370,4,19
1968,311,3,67
374,80,2,68
971,302,7,2
1388,492,1,100
3519,355,2,36
4224,429,9,80
1591,470,6,56
2321,303,8,66
1669,174,7,34
325,150,9,34
2871,106,8,45
3872,40,1,27
2733,242,3,56
3668,449,9,57
4974,165,2,28
2357,160,8,37
1613,382,10,33
3413,140,3,40
3630,314,4,32
1784,4,6,46
4118,383,10,54
952,85,1,7
2527,93,4,71
4785,154,5,3
1818,177,4,1
2851,422,7,88
1124,420,3,38
2033,365,8,31
82,467,7,83
2050,22,3,58
2107,56,2,29
4346,132,3,15
970,135,1,71
3914,386,4,22
2055,160,8,37
102,92,4,37
3242,280,3,47
2912,339,3,52
187,37,3,28
4010,217,4,89
2114,74,2,84
4404,76,4,6
4446,478,3,35
886,121,9,41
2530,189,6,40
2443,320,1,62
2949,487,1,15
517,492,6,100
3829,412,7,77
3122,263,9,15
3002,281,1,38
2839,386,10,22
4073,177,6,1
3734,318,5,87
135,33,2,1
911,153,2,23
3421,20,7,27
463,464,7,35
1903,82,10,66
3807,338,4,52
4374,308,8,6
2493,88,1,68
1082,469,2,76
4824,441,1,67
4918,446,10,53
3146,389,2,18
2250,459,1,83
6,403,3,43
2099,13,9,40
2686,114,1,96
2327,473,6,56
1409,89,2,51
873,76,10,6
4946,446,3,53
2211,308,7,6
4255,321,9,19
4236,283,5,42
3683,111,7,80
3675,434,2,61
645,124,10,7
2149,442,7,44
1968,164,3,21
2291,11,10,67
2172,407,7,59
2183,96,2,38
2983,281,4,38
3493,424,8,50
1129,491,10,66
2134,79,9,96
1593,201,6,29
3269,232,7,49
4374,442,6,44
2276,101,3,86
1765,95,5,49
1468,56,9,29
4452,327,6,25
3065,462,7,4
3377,141,3,50
3320,306,1,93
1218,10,6,60
3069,90,8,70
1437,493,9,50
2421,219,2,74
1096,69,2,47
3132,43,2,21
226,157,2,88
610,254,1,72
1805,167,4,17
2183,60,9,77
2183,170,7,68
2578,57,2,100
104,332,9,34
4057,408,3,78
1812,165,10,28
2605,326,4,22
3275,324,8,80
3069,9,10,2
391,475,8,23
3858,39,4,7
4761,261,7,41
3603,398,10,42
1803,96,6,38
2108,296,1,24
2816,360,5,12
1018,316,5,38
1640,20,5,27
2479,42,3,78
2898,20,2,27
4942,405,5,30
4724,289,9,41
4541,236,6,64
4302,460,4,24
3638,295,6,72
1881,452,5,21
793,118,6,8
828,23,5,100
682,140,8,40
3616,311,2,67
4775,187,6,93
3758,377,6,67
758,247,6,42
3091,388,7,37
1382,109,3,31
3203,220,3,48
3318,395,2,40
2929,345,9,56
3700,127,2,75
1334,89,5,51
2768,468,4,58
2890,419,6,78
901,122,5,67
3644,346,6,31
3215,123,2,69
393,73,7,95
3343,340,2,68
3779,485,6,80
2354,63,2,24
4024,286,3,22
3837,50,5,85
646,11,4,67
3538,223,4,11
4999,299,3,50
2990,251,1,50
3421,335,6,93
1849,187,5,93
1294,456,2,37
3609,391,10,87
1489,333,1,55
1044,26,5,9
3098,485,8,80
1927,210,9,70
2062,348,7,41
3671,361,4,4
3356,145,3,55
4813,485,10,80
3994,232,3,49
4792,262,5,56
419,43,10,21
85,190,9,11
1291,329,3,91
4226,29,6,26
3724,122,5,67
520,484,6,93
2302,9,8,2
1855,64,1,24
3848,331,1,67
4362,146,10,18
3410,461,7,73
1914,59,10,58
4699,125,1,29
4882,201,9,29
91,92,2,37
480,410,3,43
341,181,7,32
2581,246,3,83
2426,456,5,37
1321,27,5,69
696,204,9,19
2062,94,10,24
3875,465,9,85
2632,456,10,37
3937,139,8,44
3085,409,1,9
1327,28,4,43
1844,214,7,71
1284,74,10,84
4753,361,2,4
681,277,5,95
3457,357,9,63
2728,440,3,40
4146,140,5,40
1973,453,10,21
4216,148,9,4
3945,187,5,93
1024,274,4,83
4466,457,1,65
2294,164,6,21
1819,288,4,11
2210,17,4,63
2473,491,5,66
1668,48,10,19
4659,342,8,74
4812,246,9,83
1518,131,3,20
1684,376,9,35
4474,376,5,35
1776,281,5,38
2060,102,4,73
548,215,5,79
4083,237,1,1
2919,189,10,40
3357,418,3,19
4089,21,4,59
1771,389,2,18
2861,183,7,67
1711,180,4,79
3378,490,9,63
1040,386,10,22
3534,418,7,19
3052,418,10,19
2175,13,6,40
1521,245,7,29
961,303,5,66
1784,389,1,18
3205,236,1,64
3861,366,9,16
144,163,6,8
1438,335,7,93
1441,348,5,41
2319,370,1,19
4577,344,7,58
1844,48,6,19
2205,418,4,19
3726,344,7,58
189,122,5,67
3635,56,10,29
1235,44,4,20
2875,477,10,57
2866,411,10,48
492,314,3,32
4108,127,1,75
755,386,6,22
2494,131,8,20
2085,177,5,1
1820,54,2,12
204,351,10,50
379,371,5,39
2986,137,1,63
1605,253,5,47
4028,373,2,28
498,164,7,21
4502,123,7,69
414,180,6,79
2997,52,10,39
789,92,6,37
3713,173,4,12
1519,442,2,44
3556,436,9,80
3773,223,10,11
3420,156,4,35
4579,42,4,78
4448,270,4,86
3437,177,9,1
48,380,2,10
3130,96,8,38
4999,376,8,35
761,393,10,51
1286,172,1,66
2744,467,1,83
3804,82,8,66
207,374,1,29
3224,348,6,41
2094,58,4,88
4044,323,6,98
2264,214,3,71
4061,292,9,49
4540,157,10,88
4752,12,5,71
163,115,3,92
2850,198,9,4
1561,22,8,58
3324,140,3,40
2679,458,9,17
732,172,8,66
2657,368,2,36
821,74,10,84
3530,472,3,44
947,244,1,35
2921,274,9,83
4306,444,2,78
3523,356,7,4
1601,12,2,71
4240,92,8,37
4921,256,7,69
1785,223,9,11
4656,418,10,19
429,491,7,66
4410,53,5,22
789,38,6,62
2850,54,1,12
3408,7,7,100
3304,276,6,91
2051,205,4,73
2675,115,8,92
102,10,2,60
842,421,6,97
345,222,1,40
1282,73,7,95
3718,333,6,55
4953,178,6,24
3745,390,3,55
2253,316,9,38
4146,114,10,96
2700,227,5,3
2545,377,9,67
866,345,4,56
4132,461,2,73
3744,75,6,11
1405,245,7,29
2754,202,9,100
150,24,8,20
3123,243,4,95
2893,495,9,83
2544,356,9,4
2293,366,8,16
4838,164,8,21
2361,358,2,100
193,451,8,87
3450,43,5,21
3698,120,4,82
4621,445,2,8
508,53,7,22
3654,90,10,70
307,235,7,84
1602,472,8,44
2537,96,2,38
2968,97,7,16
3881,299,7,50
2300,88,6,68
4767,54,3,12
3741,27,5,69
942,327,7,25
3818,4,4,46
486,259,6,49
1404,273,7,32
4641,484,10,93
141,72,5,62
3764,490,10,63
684,261,8,41
4432,231,3,89
3184,340,2,68
2322,125,2,29
460,423,3,71
4547,172,2,66
4152,115,6,92
1567,427,1,33
2197,214,9,71
661,262,2,56
17,293,5,32
845,231,10,89
199,100,6,73
3077,488,1,29
2653,323,5,98
3561,51,1,50
3670,483,1,2
1114,270,2,86
857,367,10,20
1415,11,5,67
2184,340,4,68
3997,186,8,55
4990,488,10,29
1521,373,4,28
677,449,4,57
65,217,6,89
1936,396,8,91
2289,99,1,58
2195,251,3,50
3893,346,5,31
2407,472,1,44
4589,336,2,44
1092,14,8,85
145,457,1,65
4225,98,7,80
2976,191,6,63
3101,192,1,82
1510,175,1,94
4640,262,5,56
1664,97,9,16
3941,298,6,85
959,18,6,95
4301,26,5,9
1978,49,7,2
351,330,2,65
3262,369,8,36
1256,260,6,99
4074,55,7,19
4173,219,7,74
3033,191,4,63
963,226,6,98
1224,75,5,11
4762,226,3,98
2315,429,7,80
2578,101,8,86
1389,125,10,29
4003,433,2,27
262,374,8,29
4713,104,4,37
2435,287,6,71
3987,475,8,23
2181,82,1,66
4075,348,1,41
4682,386,8,22
3001,279,1,5
1120,495,2,83
4530,461,3,73
127,260,4,99
55,283,8,42
3040,197,5,47
4728,132,4,15
4944,454,2,54
1032,389,5,18
490,388,2,37
1913,444,7,78
916,454,6,54
2534,216,1,22
4897,24,2,20
3371,443,4,92
1942,346,3,31
3518,273,7,32
1579,301,6,82
1587,409,2,9
1640,369,9,36
2258,209,10,31
4709,393,2,51
2878,12,4,71
373,274,8,83
1922,482,8,77
4722,299,8,50
3024,195,7,82
431,280,8,47
1519,334,1,19
3582,366,2,16
2220,445,7,8
1687,207,7,94
2237,301,2,82
1600,276,4,91
1265,195,3,82
3772,318,7,87
2356,52,4,39
4966,233,3,72
205,442,6,44
4739,210,8,70
2466,483,1,2
1930,452,3,21
4098,383,9,54
2061,230,4,19
1623,387,2,24
994,156,10,35
4138,197,9,47
2799,338,9,52
4998,177,3,1
1301,327,8,25
175,200,5,80
2139,233,1,72
3412,383,9,54
4432,321,2,19
4371,180,10,79
3725,197,2,47
471,405,8,30
3008,357,2,63
3353,145,4,55
3777,193,7,85
4573,492,7,100
4170,321,7,19
1855,439,10,80
3928,305,10,28
4391,102,4,73
1822,287,10,71
3353,370,2,19
3073,475,6,23
4129,147,4,46
4882,255,1,73
3611,239,8,18
3333,146,10,18
272,321,1,19
2098,273,5,32
2835,175,8,94
1291,72,10,62
3008,139,8,44
820,130,2,30
712,157,2,88
2523,417,10,33
4128,427,2,33
698,323,2,98
2379,123,1,69
902,330,8,65
4651,377,3,67
2832,253,4,47
4112,385,4,79
2923,32,4,44
3637,145,5,55
4693,18,4,95
1745,446,4,53
4861,7,8,100
31,153,3,23
446,116,5,15
4232,161,6,49
1393,216,7,22
4241,20,9,27
3998,222,9,40
3639,436,7,80
676,27,4,69
2754,451,2,87
121,292,3,49
405,88,1,68
3073,432,7,77
805,398,9,42
31,109,6,31
2503,256,3,69
2793,361,6,4
515,476,5,69
45,129,8,83
2122,80,9,68
1476,97,9,16
3416,492,5,100
4287,251,4,50
3729,130,3,30
4956,129,6,83
1637,91,6,66
4714,426,2,100
351,61,6,94
929,301,5,82
4841,26,6,9
2293,3,6,42
298,358,1,100
1816,358,5,100
2107,377,5,67
399,10,8,60
3610,395,1,40
3261,318,10,87
3927,407,8,59
4659,231,9,89
557,280,9,47
3568,128,9,36
795,153,4,23
2560,416,2,88
440,361,2,4
932,234,3,44
2438,126,9,49
484,134,1,79
1292,358,9,100
4771,205,1,73
365,49,3,2
3144,81,8,22
2491,289,8,41
742,308,8,6
2531,207,2,94
1591,49,4,2
2078,353,6,68
4074,218,10,37
1244,108,2,7
1664,187,2,93
2933,129,3,83
4996,403,5,43
4965,216,7,22
4819,215,3,79
3570,337,2,4
2733,301,1,82
3619,399,5,98
2271,36,10,41
666,346,9,31
2857,408,5,78
4789,325,10,83
4242,151,6,76
4944,1,6,54
970,100,8,73
2176,129,4,83
1145,314,5,32
744,13,7,40
2674,95,1,49
3350,450,6,59
1862,466,9,81
2542,317,9,62
3950,115,3,92
675,283,8,42
2193,139,8,44
4712,385,7,79
1351,205,2,73
2301,12,2,71
2335,463,2,37
3039,265,4,81
370,276,7,91
1885,217,4,89
1911,416,9,88
2885,200,4,80
2880,270,9,86
4048,104,4,37
636,188,8,32
3868,219,1,74
2768,113,5,59
4620,76,9,6
1916,133,4,29
3955,326,2,22
1977,115,9,92
3888,124,5,7
1678,242,1,56
541,89,1,51
2420,391,9,87
3485,487,5,15
3025,454,3,54
3480,392,1,79
2359,251,5,50
4898,312,6,83
1465,331,10,67
4479,409,4,9
3533,48,5,19
95,119,2,100
2388,274,8,83
597,167,5,17
3185,105,4,48
3296,447,5,66
1266,182,8,59
2671,476,2,69
2602,272,4,70
4397,347,4,86
1388,422,6,88
3828,151,5,76
4577,50,4,85
331,133,6,29
1467,97,5,16
1043,448,4,77
1494,318,10,87
3834,296,8,24
1088,121,5,41
4498,58,7,88
345,262,10,56
2844,387,2,24
2043,396,3,91
1927,339,9,52
2892,3,7,42
2101,186,1,55
2805,368,8,36
1165,199,2,71
4694,26,1,9
1844,118,3,8
3936,494,10,16
3133,154,10,3
1724,188,2,32
4302,402,6,42
2061,2,5,94
2014,116,10,15
1,190,6,11
4474,321,2,19
125,130,1,30
4394,187,6,93
3461,94,6,24
4246,235,8,84
2545,176,1,48
4598,393,5,51
306,91,10,66
3516,495,1,83
2876,270,2,86
646,304,3,67
842,364,3,55
1497,239,3,18
2441,425,1,19
1403,110,4,36
3500,205,3,73
1355,318,10,87
3398,213,4,70
2378,50,8,85
4454,253,4,47
806,208,6,55
399,161,6,49
2059,218,10,37
1245,356,3,4
875,44,3,20
423,443,10,92
3634,112,6,85
56,2,3,94
2564,71,9,82
3737,468,8,58
1742,215,3,79
3315,245,1,29
1527,341,8,76
596,143,3,92
2740,254,2,72
1032,181,2,32
789,80,7,68
2212,63,1,24
3431,140,8,40
3608,217,4,89
375,450,7,59
493,486,8,98
3862,247,3,42
1944,490,3,63
4197,212,1,14
50,76,6,6
1682,295,7,72
815,116,4,15
3044,174,7,34
331,489,8,65
1578,264,1,2
1308,232,9,49
3802,259,1,49
4853,265,7,81
3349,460,3,24
22,250,1,35
4616,212,9,14
659,498,8,84
1868,219,1,74
515,319,2,98
2564,196,5,97
1722,116,5,15
2354,113,1,59
1043,163,5,8
4346,475,4,23
2106,332,8,34
4161,334,6,19
1077,242,1,56
1086,357,7,63
3959,354,3,38
3082,180,5,79
2447,249,3,58
2671,447,2,66
2295,234,4,44
1360,410,10,43
2156,484,1,93
1522,209,6,31
2990,195,5,82
1922,437,6,6
182,147,10,46
1784,382,8,33
2917,72,5,62
1363,252,8,25
1388,378,2,10
4759,327,6,25
3921,419,1,78
4384,26,9,9
286,23,1,100
833,296,4,24
4807,163,6,8
3694,432,1,77
1539,194,10,13
3012,82,4,66
4925,389,6,18
4661,457,1,65
2180,123,8,69
15,72,7,62
203,71,9,82
3605,237,10,1
1194,340,6,68
636,229,6,22
1400,274,9,83
4267,458,8,17
835,258,1,9
2984,405,4,30
3817,111,2,80
1089,371,2,39
443,224,10,9
1059,352,10,87
803,321,3,19
1447,255,3,73
1885,430,5,37
1437,102,2,73
2105,446,10,53
4970,422,7,88
3209,304,10,67
3431,310,7,23
3265,455,2,31
3640,115,1,92
4784,266,1,38
2946,91,5,66
1344,454,3,54
3164,169,6,11
1452,188,8,32
3687,45,4,6
4446,279,4,5
1228,68,8,65
3123,253,4,47
1395,355,3,36
3836,311,4,67
2741,252,5,25
667,197,6,47
4621,25,5,45
3697,66,5,4
3688,289,10,41
351,384,8,17
2303,377,7,67
2644,63,6,24
4563,323,10,98
1592,212,7,14
1558,469,9,76
652,482,9,77
1519,138,1,6
904,126,7,49
4183,419,9,78
386,254,2,72
665,162,6,14
1040,434,7,61
3767,354,5,38
1943,10,5,60
3568,331,5,67
4498,445,3,8
1662,186,8,55
1186,378,4,10
1426,251,7,50
3472,341,7,76
3680,17,3,63
4913,327,6,25
2283,398,8,42
2324,109,6,31
3529,328,1,58
4561,23,7,100
4075,492,7,100
1498,267,8,54
652,445,4,8
1880,318,2,87
1723,306,4,93
4481,275,7,82
1055,145,3,55
3671,391,8,87
3468,110,3,36
2031,108,4,7
4029,6,2,45
4076,375,7,64
3060,361,10,4
3938,342,2,74
1712,44,10,20
4429,222,1,40
3886,264,7,2
3443,455,2,31
4499,225,2,8
2393,483,8,2
3109,472,9,44
4470,483,7,2
3881,8,8,17
4072,225,1,8
1917,134,2,79
2765,261,3,41
2485,150,2,34
3426,44,1,20
3045,158,2,29
4699,23,2,100
4573,167,6,17
4245,329,10,91
3357,35,9,77
4485,294,3,74
4732,264,5,2
1680,327,7,25
2417,13,10,40
2307,179,9,3
964,463,4,37
4740,91,3,66
4335,121,3,41
3533,386,10,22
70,37,3,28
2737,259,9,49
2979,49,3,2
4864,102,2,73
1511,229,6,22
2998,420,1,38
4700,176,5,48
1616,424,6,50
959,361,10,4
3186,222,10,40
506,491,5,66
3497,461,9,73
824,413,10,40
1327,465,8,85
1775,103,10,17
1814,335,10,93
3864,391,1,87
1710,122,9,67
3864,348,10,41
3964,144,3,33
4676,409,4,9
1461,207,9,94
4350,327,2,25
239,123,9,69
1435,175,8,94
3396,420,4,38
965,293,4,32
3266,32,2,44
2107,430,2,37
591,47,4,70
704,406,10,96
4868,492,1,100
419,220,2,48
4694,191,9,63
4295,137,7,63
2614,446,5,53
4101,338,7,52
3056,117,1,99
2831,426,4,100
4747,420,6,38
1271,34,8,90
2085,68,4,65
1364,387,7,24
2607,265,5,81
318,485,3,80
4930,172,5,66
4422,148,10,4
1080,300,7,41
2574,301,8,82
1407,270,2,86
1893,213,4,70
4722,378,5,10
4378,477,3,57
2852,62,4,2
1890,198,5,4
661,150,7,34
523,459,2,83
2346,286,4,22
3772,123,9,69
1665,87,8,57
4567,47,9,70
4781,159,9,7
4844,226,8,98
3651,494,4,16
2089,397,2,6
4143,450,3,59
4861,226,7,98
1952,466,9,81
3624,368,10,36
4527,417,8,33
1660,246,1,83
1390,340,1,68
3895,442,2,44
1072,452,6,21
4431,142,2,76
1987,113,1,59
1423,265,1,81
1078,84,7,86
1597,102,2,73
2038,335,3,93
2516,396,10,91
2050,91,5,66
4923,373,5,28
2482,235,6,84
1369,63,8,24
2526,2,4,94
3542,146,7,18
769,367,3,20
3609,30,5,74
3757,332,4,34
3434,270,1,86
1854,127,5,75
1517,76,1,6
4489,7,8,100
2357,10,6,60
179,66,1,4
1140,104,7,37
1280,360,1,12
2721,231,5,89
1394,86,10,59
2492,182,8,59
3648,57,8,100
1133,200,3,80
2055,108,6,7
2531,335,4,93
718,231,10,89
2087,124,2,7
763,392,3,79
2400,447,4,66
3294,394,9,97
208,478,5,35
4556,297,3,51
4492,195,5,82
820,334,3,19
3756,495,9,83
1128,306,1,93
4071,440,9,40
1145,471,3,2
1140,197,4,47
169,269,10,24
1442,116,5,15
824,126,6,49
3994,218,8,37
1803,187,2,93
136,379,6,32
2360,150,10,34
4465,68,9,65
3362,354,1,38
2800,419,9,78
2916,214,10,71
3174,425,2,19
1599,167,4,17
316,196,10,97
3494,471,1,2
4655,12,3,71
1985,432,2,77
1150,202,3,100
2346,108,3,7
3967,422,1,88
1161,5,6,45
4533,274,4,83
4623,90,3,70
2291,38,9,62
838,126,4,49
4587,428,3,15
511,34,8,90
3908,52,5,39
4672,167,2,17
1272,327,10,25
2622,225,1,8
3922,161,7,49
2984,41,6,76
2984,219,5,74
2345,313,10,41
593,376,6,35
453,309,5,19
2605,388,3,37
3526,246,3,83
595,414,3,37
811,306,8,93
3865,292,10,49
1337,476,10,69
2889,92,4,37
3204,407,7,59
156,370,4,19
4582,19,7,54
3127,214,8,71
2193,91,8,66
3150,227,7,3
1026,143,8,92
420,423,1,71
3642,79,8,96
2128,275,9,82
2892,312,9,83
187,136,8,12
4113,313,6,41
668,141,5,50
1057,471,10,2
457,447,6,66
3349,458,10,17
3175,248,3,85
2572,420,6,38
1131,336,3,44
2427,138,10,6
3776,29,3,26
2435,236,3,64
2627,488,1,29
768,145,9,55
1287,365,5,31
4254,1,9,54
2575,314,2,32
194,123,5,69
1627,12,5,71
794,496,8,73
2198,495,2,83
2549,484,5,93
265,169,9,11
1292,151,7,76
3776,382,10,33
4057,362,5,98
2925,206,2,84
1345,1,10,54
3561,316,4,38
4657,455,4,31
1079,156,2,35
4242,64,4,24
770,482,2,77
1999,88,7,68
989,287,1,71
3308,486,8,98
2605,45,8,6
756,176,3,48
2976,275,7,82
429,8,9,17
803,200,3,80
4373,393,7,51
1622,359,7,78
898,23,6,100
2243,257,9,97
2087,41,6,76
3042,220,2,48
4300,373,9,28
2913,226,8,98
1115,49,2,2
1970,223,6,11
4947,308,1,6
3904,278,3,79
237,465,4,85
4630,456,4,37
531,146,10,18
2086,340,6,68
3527,416,9,88
1976,426,7,100
4427,338,1,52
2219,353,5,68
4964,466,5,81
3470,348,8,41
3372,290,7,74
4902,482,1,77
4751,172,10,66
377,102,5,73
2318,254,3,72
1404,69,9,47
3033,459,5,83
4976,485,9,80
2909,77,9,23
1142,496,4,73
4090,70,6,5
893,213,4,70
1090,63,7,24
3518,360,7,12
360,38,3,62
1915,284,9,1
1014,28,10,43
493,464,6,35
1363,312,10,83
3458,329,1,91
4648,428,7,15
3924,30,1,74
18,330,5,65
367,416,3,88
1760,468,2,58
4461,304,1,67
3758,414,4,37
3916,228,10,25
436,280,7,47
3662,385,4,79
3141,497,9,52
2352,87,7,57
1927,454,10,54
4042,406,4,96
2634,80,4,68
2171,345,4,56
177,52,1,39
3676,384,2,17
568,481,6,28
3090,189,4,40
1025,54,10,12
3608,355,10,36
1566,312,10,83
771,422,4,88
1543,384,1,17
3448,76,3,6
4965,489,8,65
3117,294,8,74
2957,383,2,54
1711,274,5,83
4221,199,6,71
3702,161,1,49
2613,291,10,43
4382,19,7,54
86,308,4,6
2969,167,7,17
606,344,5,58
1282,402,10,42
3427,276,3,91
1579,64,1,24
4616,30,9,74
2326,348,4,41
737,110,7,36
3257,482,2,77
3726,39,7,7
2210,112,1,85
3190,478,8,35
4641,414,4,37
1059,259,3,49
4359,165,1,28
4325,181,7,32
2787,415,6,12
1668,153,7,23
357,475,2,23
4174,157,8,88
1971,280,1,47
1973,129,8,83
1732,346,9,31
1659,145,7,55
2685,300,2,41
2175,110,9,36
1452,354,9,38
4613,319,7,98
1852,328,8,58
1142,497,9,52
2057,148,4,4
4990,461,6,73
2455,147,5,46
3841,400,10,83
3271,227,6,3
3353,181,2,32
1282,182,8,59
4355,33,10,1
2622,280,2,47
1140,475,4,23
2358,171,7,67
3134,259,10,49
4578,471,1,2
870,182,8,59
2605,51,5,50
814,184,8,1
2897,9,10,2
1579,195,4,82
2478,240,10,45
2755,288,6,11
2042,171,3,67
4565,6,7,45
3760,121,8,41
2104,142,4,76
1023,58,1,88
2925,258,2,9
317,80,10,68
1792,125,6,29
191,214,10,71
496,220,2,48
2006,122,9,67
3080,131,5,20
2250,233,10,72
4678,411,8,48
3862,239,1,18
2007,366,7,16
2034,205,5,73
684,327,8,25
661,126,10,49
1009,151,8,76
4691,130,5,30
1961,203,6,91
418,1,5,54
3387,364,4,55
1406,286,9,22
3718,190,3,11
4893,117,6,99
128,274,6,83
1704,95,3,49
3167,59,4,58
2927,403,5,43
1586,184,3,1
3610,343,4,11
1975,398,6,42
2704,74,7,84
4060,352,7,87
3260,167,3,17
929,148,3,4
4652,418,7,19
83,288,8,11
2012,221,1,85
4433,413,10,40
3977,15,8,31
2709,92,8,37
3685,204,9,19
4961,340,6,68
3097,60,4,77
2041,51,2,50
4846,377,4,67
448,479,2,49
696,247,9,42
3286,7,5,100
2752,208,6,55
4798,430,3,37
3802,189,7,40
2112,168,2,40
3611,315,10,28
2563,460,4,24
4835,179,1,3
4524,225,6,8
3118,32,8,44
3661,473,8,56
171,276,7,91
820,138,5,6
4521,206,4,84
1872,263,2,15
4805,239,8,18
557,2,9,94
4585,177,2,1
41,155,4,99
4420,384,10,17
3941,435,1,91
1455,162,4,14
292,483,8,2
1865,159,3,7
2058,412,7,77
1125,266,3,38
4181,286,9,22
1597,12,1,71
398,239,8,18
246,268,3,65
2906,348,2,41
630,34,3,90
4982,294,7,74
4770,326,3,22
2021,129,7,83
3697,145,2,55
585,93,2,71
2323,437,3,6
1711,113,8,59
2412,347,2,86
1573,86,8,59
3983,384,5,17
2649,102,6,73
509,467,9,83
4965,40,8,27
203,102,9,73
4013,186,6,55
4508,51,9,50
3679,332,4,34
2816,269,4,24
618,187,5,93
281,256,1,69
569,122,9,67
4796,83,6,59
3902,97,2,16
514,29,8,26
2675,28,3,43
103,446,6,53
2356,176,8,48
4309,477,4,57
4143,30,6,74
2201,364,4,55
4085,120,9,82
4245,211,5,13
4557,483,8,2
2701,219,1,74
2427,194,10,13
4027,388,7,37
4235,360,10,12
3324,115,8,92
2160,172,5,66
788,275,4,82
4425,36,8,41
2777,414,3,37
294,193,4,85
3194,425,10,19
426,451,5,87
628,458,10,17
3841,10,5,60
2377,23,5,100
2566,219,2,74
1621,230,1,19
1536,153,10,23
2543,17,2,63
4108,164,9,21
1231,163,2,8
1529,380,8,10
600,314,9,32
516,332,4,34
3287,493,3,50
4523,38,5,62
4461,87,4,57
4971,76,8,6
1688,418,9,19
3061,387,9,24
3080,450,3,59
4727,475,10,23
2828,416,6,88
267,415,2,12
413,114,8,96
810,349,7,7
1689,327,4,25
3602,202,4,100
1919,28,7,43
2659,367,6,20
702,498,10,84
4538,177,10,1
4653,289,9,41
1879,79,9,96
2832,274,9,83
1889,292,9,49
4760,499,8,56
4798,262,9,56
2661,389,7,18
2495,248,3,85
3075,443,6,92
2249,167,5,17
253,282,8,56
435,116,9,15
4303,354,1,38
3066,326,8,22
4904,318,10,87
2093,165,6,28
1658,168,2,40
252,165,4,28
4696,75,2,11
2550,355,9,36
2898,390,1,55
4712,373,10,28
4388,192,8,82
2195,123,5,69
2818,167,5,17
1809,412,3,77
86,460,8,24
2592,215,9,79
1297,2,1,94
2982,156,8,35
1282,29,6,26
2447,388,5,37
946,19,6,54
447,308,8,6
4612,338,2,52
4631,196,2,97
4837,11,4,67
467,462,7,4
4956,498,8,84
1562,479,10,49
2825,91,10,66
3725,401,3,34
4744,108,5,7
80,145,1,55
2443,29,9,26
3343,380,10,10
2343,230,1,19
3528,295,5,72
4183,390,3,55
4702,329,3,91
3998,373,8,28
989,134,2,79
1697,292,2,49
612,457,3,65
1801,124,8,7
293,170,10,68
1951,208,5,55
2397,309,8,19
4047,386,1,22
2221,266,5,38
3374,52,10,39
496,231,4,89
2034,43,1,21
1450,49,4,2
4334,439,9,80
2799,189,8,40
4586,182,1,59
641,289,3,41
3764,243,4,95
4817,270,7,86
4934,24,2,20
62,436,7,80
292,456,1,37
4436,252,6,25
1750,388,8,37
3922,498,6,84
4368,382,5,33
3312,118,1,8
2032,472,2,44
4126,202,4,100
856,368,3,36
3686,412,3,77
3677,250,5,35
3589,269,3,24
1231,236,6,64
1272,156,7,35
854,3,4,42
2206,404,6,49
3407,380,5,10
521,388,10,37
1297,173,2,12
4304,360,7,12
4641,484,3,93
3444,494,9,16
4762,135,3,71
2014,53,6,22
2796,262,8,56
154,372,5,73
2368,382,4,33
82,80,4,68
4681,38,6,62
4517,470,1,56
3702,432,6,77
535,347,2,86
1832,278,6,79
3913,26,9,9
3018,176,6,48
4711,432,9,77
3897,418,3,19
3642,203,7,91
4918,350,8,58
4444,349,7,7
4394,215,5,79
1591,13,3,40
1497,392,6,79
1234,495,7,83
2513,158,9,29
2270,229,4,22
1480,186,9,55
2226,245,7,29
2454,288,10,11
3569,93,5,71
3590,337,9,4
4002,152,8,34
1448,352,2,87
3942,251,8,50
2806,9,3,2
209,194,4,13
3129,359,10,78
3212,215,10,79
1041,6,4,45
4375,361,10,4
1279,278,1,79
3033,471,8,2
1353,481,8,28
3929,438,6,42
2633,38,1,62
1904,240,8,45
1864,271,8,12
3474,30,6,74
1260,205,7,73
2175,431,9,78
2046,452,7,21
942,452,6,21
