3027,411,8,45
276,169,5,53
3933,494,2,69
1922,228,7,28
4601,306,7,27
4420,272,8,50
973,332,8,30
4427,104,3,47
3665,202,1,27
633,194,5,51
1633,218,1,25
1249,100,7,100
3097,146,1,36
4400,139,1,71
798,203,7,15
3050,235,3,95
4886,321,3,44
2324,66,2,77
4977,189,7,92
4319,296,6,12
3138,30,9,68
2535,173,4,72
856,337,2,30
2927,365,4,85
872,258,6,86
1342,205,9,44
4924,79,7,88
833,182,10,18
2518,97,1,65
2599,389,10,69
2100,97,3,65
631,145,9,75
3607,12,3,14
2806,326,4,88
985,393,9,3
1582,156,6,34
3827,489,9,52
732,355,4,53
3698,450,2,40
866,47,3,80
1964,105,2,63
4064,434,4,100
4852,283,4,46
1920,137,4,72
191,91,4,24
4471,279,10,77
2287,335,10,76
4163,355,7,53
4516,62,2,11
4815,257,7,22
4112,114,10,15
2825,324,7,84
91,393,2,3
1378,179,4,97
3111,342,10,46
2486,187,1,81
333,139,8,71
1740,114,2,15
3572,279,8,77
3894,326,8,88
2067,122,1,33
2486,397,4,74
1051,360,4,4
3834,111,10,18
4950,129,8,71
3997,445,9,75
761,382,3,22
1232,187,5,81
4915,22,5,12
2324,403,5,77
3434,51,2,83
1413,244,2,98
3954,211,5,13
2608,115,5,9
457,5,10,81
23,428,3,31
3794,233,1,85
466,420,4,14
4595,358,7,88
4515,63,6,26
4444,318,4,100
1598,235,5,95
1856,203,7,15
358,328,1,30
4489,284,7,38
2329,153,9,16
719,256,2,88
4191,105,6,63
362,314,4,52
954,37,7,96
4845,258,10,86
3202,73,7,40
2268,199,6,12
3959,386,2,23
1186,29,1,65
2049,469,1,32
524,311,8,75
2159,65,3,77
4216,214,8,89
3659,87,4,58
406,394,6,18
3775,420,9,14
3289,265,9,96
4439,202,6,27
2605,5,5,81
4221,464,6,29
4996,392,3,32
4170,343,8,79
4167,380,9,42
4099,305,8,83
980,348,6,59
205,220,5,75
4496,342,5,46
341,112,10,25
2901,397,8,74
731,224,5,11
4968,51,3,83
3267,408,2,8
1604,368,1,15
2638,151,7,21
2154,39,10,14
1834,367,9,13
410,205,9,44
1337,328,1,30
4683,140,3,95
4235,285,5,18
2941,467,5,81
2192,105,8,63
3437,70,1,63
3727,359,10,47
4635,76,2,19
2149,114,9,15
3351,164,3,5
2138,242,3,93
4139,295,7,16
2244,22,10,12
4322,36,4,65
4772,401,9,11
2178,297,9,44
4231,472,5,68
1505,224,3,11
1670,357,4,29
680,212,10,94
1765,90,6,3
2748,275,9,84
1009,85,4,43
885,223,1,38
2275,393,3,3
4418,359,1,47
3314,423,8,57
4355,175,3,83
1269,4,10,8
1971,81,2,5
2689,7,5,4
2248,375,1,57
3318,214,6,89
4495,363,5,53
3448,22,5,12
3624,118,9,34
556,255,5,64
4861,414,5,6
3993,150,3,74
366,234,1,30
2272,427,6,8
1562,236,2,26
2848,97,8,65
653,373,7,74
3297,436,8,81
1373,449,8,74
4719,211,5,13
791,148,2,26
2960,286,10,66
1604,326,3,88
4696,426,10,91
273,128,1,83
3919,49,4,99
398,224,4,11
4900,309,2,81
3001,98,6,24
4900,209,1,52
30,194,6,51
1298,473,1,27
4214,287,1,31
1786,357,6,29
935,313,10,8
4043,341,2,2
731,437,1,67
1839,343,1,79
41,414,9,6
1882,437,10,67
551,349,2,77
3328,133,7,65
4768,99,4,41
1920,394,3,18
2468,389,9,69
857,206,9,68
1100,343,1,79
4669,36,8,65
4906,451,6,98
3825,135,4,88
2122,251,8,5
3675,161,5,42
1671,12,10,14
923,89,3,68
181,397,5,74
3772,426,5,91
301,215,10,7
3360,84,5,39
737,224,2,11
3907,84,7,39
4288,85,9,43
4912,50,7,46
4229,271,8,77
1792,106,3,40
1571,298,6,86
104,342,4,46
244,203,9,15
2236,330,9,14
4894,234,7,30
4182,63,5,26
3351,308,1,8
3588,457,4,28
1222,458,9,34
1104,121,1,69
3817,112,5,25
4522,316,8,84
3562,247,10,65
3699,127,2,50
2456,247,8,65
1975,305,8,83
2117,293,10,25
1400,248,5,1
476,340,6,62
2116,83,7,97
2173,430,5,32
2594,277,10,55
1039,9,8,74
1423,38,6,62
3543,441,6,1
2178,27,8,2
2833,310,2,30
2195,431,5,1
4228,217,8,22
1988,59,3,29
2133,271,4,77
1223,5,4,81
4485,298,9,86
2579,322,9,37
2100,327,5,58
2912,393,1,3
4838,407,4,52
2528,290,8,36
365,485,8,61
371,436,5,81
602,304,4,99
2609,123,8,86
134,10,3,79
2082,207,6,26
4699,92,8,75
1676,427,9,8
1515,163,2,17
927,135,2,88
2092,11,8,65
987,123,3,86
4897,34,4,14
310,402,8,63
4566,41,4,20
3585,322,6,37
3303,11,9,65
477,226,5,1
3267,414,4,6
2300,248,7,1
1609,27,5,2
926,214,3,89
4786,201,9,87
2684,128,9,83
1377,452,5,55
2516,244,3,98
2360,357,5,29
3248,26,10,88
4172,245,2,61
4996,90,9,3
247,228,7,28
2576,469,7,32
4845,486,2,30
2146,45,3,86
4750,127,6,50
2685,201,5,87
4529,465,7,38
4700,179,6,97
3028,359,6,47
2486,268,10,72
504,348,7,59
2188,365,6,85
2498,425,1,33
1628,183,9,59
4860,459,9,96
62,361,3,49
2589,461,9,44
2982,309,1,81
1960,49,9,99
3185,203,2,15
2069,218,1,25
1231,349,1,77
1686,347,8,27
289,99,6,41
4542,134,7,1
427,177,3,64
3734,349,7,77
2915,389,7,69
1768,94,6,77
922,62,9,11
3832,100,9,100
90,126,10,21
2108,107,6,93
556,410,8,23
4158,134,10,1
3614,91,2,24
2374,123,6,86
3274,321,10,44
1560,221,3,38
2516,469,5,32
2481,285,6,18
4982,312,3,79
1299,460,1,8
4815,48,3,13
428,295,10,16
2489,409,10,26
4584,23,7,51
4486,53,10,100
455,68,8,72
1387,64,2,79
1246,473,7,27
463,435,3,34
1626,229,10,13
1393,203,1,15
325,121,9,69
1457,273,6,60
1827,44,8,28
3535,166,4,73
3831,6,4,87
1815,222,4,54
2601,268,7,72
3653,217,2,22
3748,473,5,27
4535,465,4,38
4610,211,9,13
3678,375,6,57
4265,465,5,38
2306,320,7,36
1254,52,9,1
3660,215,3,7
4437,409,8,26
4422,9,5,74
662,45,2,86
4407,178,7,91
4793,341,5,2
623,81,1,5
1740,265,2,96
4942,445,1,75
3274,20,10,79
3715,349,2,77
2720,27,4,2
1917,29,9,65
4862,283,5,46
4172,246,7,32
3164,307,7,14
765,25,2,43
1960,39,6,14
3544,37,1,96
3150,402,8,63
2946,352,3,77
4529,179,9,97
300,49,8,99
1376,209,4,52
4813,144,2,11
372,216,6,66
1480,250,10,63
4701,386,5,23
3035,307,7,14
1188,220,7,75
3355,2,1,7
4602,218,4,25
869,72,9,38
3605,70,5,63
2342,49,9,99
2942,472,2,68
2111,166,7,73
3022,214,2,89
390,262,9,31
4632,476,4,29
765,50,6,46
3159,208,1,11
1058,134,9,1
3076,129,5,71
4072,275,5,84
3619,141,4,100
3980,482,1,64
1425,100,5,100
887,432,8,38
364,427,9,8
2804,377,6,65
4674,448,8,18
3265,13,2,99
3991,229,4,13
1224,239,10,96
680,124,5,1
1671,419,8,100
3779,77,5,42
2903,209,9,52
4656,109,10,17
2518,386,8,23
1147,113,7,78
4284,422,9,56
4462,221,7,38
3531,56,10,30
4452,53,2,100
352,240,8,47
3166,149,3,24
1704,168,1,6
468,192,5,35
2696,88,7,48
2339,294,7,57
4228,73,3,40
4857,72,4,38
3197,31,1,10
646,283,1,46
1496,410,8,23
2218,313,9,8
506,354,3,94
2988,56,7,30
2404,208,1,11
4693,302,5,62
4519,277,10,55
1284,207,2,26
943,335,8,76
2653,303,9,45
2748,20,3,79
364,28,1,22
4510,5,1,81
407,180,1,6
714,398,7,90
1776,191,6,77
4901,180,1,6
809,231,6,25
2058,372,6,99
4103,137,7,72
882,199,8,12
1110,187,10,81
1128,271,4,77
2377,253,3,11
2807,485,4,61
3665,21,4,63
26,415,1,7
2361,12,5,14
3390,486,3,30
1493,56,9,30
1666,44,6,28
867,344,6,69
1672,282,6,65
214,455,8,42
3051,93,7,18
3217,491,5,60
2550,180,8,6
47,115,7,9
2135,387,5,50
2760,239,6,96
2122,73,7,40
4464,226,10,1
3382,108,5,7
3122,171,1,53
4726,427,5,8
2675,328,1,30
4147,170,4,70
4329,408,5,8
1642,297,2,44
1226,399,3,66
25,264,7,21
1631,471,9,49
3340,380,4,42
4799,459,10,96
66,368,7,15
4284,215,2,7
704,35,2,34
377,488,2,31
3967,411,4,45
1046,366,5,68
4880,292,5,6
4727,232,7,33
4427,434,8,100
3742,58,8,13
1805,420,7,14
1708,161,8,42
2658,345,2,91
148,33,6,7
4244,273,8,60
30,396,10,54
439,142,10,24
1186,251,2,5
2484,335,2,76
2739,196,5,34
1826,471,4,49
2214,16,1,13
3060,289,3,8
4082,406,5,85
4479,317,1,82
2326,485,9,61
4322,454,1,17
2411,186,4,36
4948,494,2,69
3012,69,4,57
535,420,10,14
19,115,7,9
3490,439,8,14
2395,224,8,11
2359,180,1,6
319,33,4,7
1204,232,1,33
358,465,2,38
4652,168,3,6
4939,187,8,81
902,60,5,43
4388,301,7,28
4875,123,9,86
1518,153,8,16
4356,324,10,84
2530,102,2,37
3591,19,10,47
1118,291,10,51
1514,43,7,26
2357,300,2,11
2842,189,3,92
2867,399,8,66
603,109,2,17
2634,187,10,81
2491,134,9,1
1321,122,7,33
99,398,1,90
4548,294,2,57
4393,337,4,30
119,65,10,77
2991,478,7,2
2657,480,5,42
78,314,7,52
414,232,9,33
1292,290,10,36
114,455,5,42
1991,323,4,36
1279,301,8,28
85,281,8,96
2173,335,2,76
4520,454,9,17
2389,311,8,75
749,314,6,52
1081,282,9,65
4990,142,8,24
2251,434,8,100
3380,348,9,59
1157,343,9,79
1173,225,1,6
4026,5,1,81
3270,276,10,85
4646,181,8,77
2552,12,9,14
2051,107,3,93
2214,189,4,92
4435,451,1,98
2879,227,4,68
4973,143,5,95
4706,61,9,8
4454,22,5,12
499,184,9,12
1922,216,8,66
3903,440,3,14
4770,272,4,50
13,140,6,95
59,58,10,13
141,400,9,98
3988,141,10,100
54,384,5,81
3662,199,9,12
1501,288,3,4
168,401,8,11
2904,341,10,2
3065,274,10,1
1630,57,10,70
4112,372,1,99
4265,255,4,64
3380,256,1,88
1799,183,1,59
4363,458,6,34
3505,33,5,7
536,434,5,100
3974,345,5,91
1992,227,4,68
1362,70,4,63
775,358,6,88
4478,109,7,17
4614,426,1,91
2436,467,4,81
456,467,4,81
3831,215,9,7
586,262,10,31
875,410,8,23
4265,145,6,75
632,56,7,30
4156,477,2,71
2553,432,10,38
2256,401,3,11
2879,426,8,91
2622,166,10,73
1614,295,1,16
2727,327,6,58
2232,427,3,8
1121,208,6,11
4462,358,1,88
3210,172,8,79
1947,253,5,11
1742,264,3,21
1298,181,5,77
2175,208,10,11
2488,86,8,81
4095,20,6,79
2991,252,10,19
427,45,6,86
3013,212,10,94
3816,237,3,28
571,145,4,75
4956,118,8,34
1232,75,9,86
3726,227,1,68
4055,303,8,45
271,436,4,81
176,3,9,85
850,285,7,18
3726,47,1,80
4087,486,1,30
4845,73,1,40
4537,112,5,25
133,402,3,63
1039,481,10,82
3903,154,1,4
91,349,1,77
4363,384,4,81
3718,377,4,65
3547,412,2,75
1518,478,4,2
304,492,1,82
302,479,2,79
3106,220,9,75
1959,218,9,25
2107,340,3,62
2456,345,3,91
2972,493,2,33
2373,385,5,40
3875,4,9,8
3998,108,5,7
1721,328,5,30
2,372,3,99
2496,88,5,48
3997,174,7,80
1680,189,10,92
3367,26,8,88
1835,463,5,27
3662,347,7,27
503,469,10,32
354,428,4,31
3344,180,2,6
3321,14,10,47
50,177,1,64
399,263,5,39
869,75,3,86
4126,493,5,33
1265,328,6,30
3672,462,8,15
3203,468,4,54
1984,254,9,67
4842,217,7,22
4506,37,9,96
1257,76,1,19
943,333,8,60
4046,308,8,8
4038,205,10,44
1729,161,10,42
4778,467,7,81
4318,44,2,28
3593,470,1,68
3442,397,7,74
1462,421,3,55
2309,314,2,52
4689,419,6,100
4781,363,7,53
2647,310,5,30
4688,213,5,85
4861,315,2,88
3156,127,6,50
4585,240,8,47
3242,154,1,4
2183,86,9,81
3541,443,9,37
2546,401,1,11
2101,418,8,15
1464,219,4,34
4573,203,9,15
3295,26,7,88
3810,447,1,27
537,470,8,68
112,365,5,85
2873,461,10,44
3200,423,6,57
3913,283,6,46
238,254,8,67
1563,147,1,100
1642,145,4,75
1856,369,5,84
1927,426,10,91
401,362,1,41
2195,283,6,46
4248,133,8,65
3399,427,1,8
1439,229,10,13
389,324,5,84
1770,375,4,57
3422,82,2,100
4701,111,9,18
799,140,7,95
36,222,4,54
4727,178,4,91
1972,90,3,3
3052,433,10,84
901,228,1,28
473,230,2,42
1983,80,3,76
3647,209,8,52
570,441,6,1
2226,157,2,52
263,448,4,18
4628,423,10,57
2129,373,1,74
3175,461,1,44
1083,154,9,4
1922,363,1,53
4568,366,5,68
3217,450,10,40
1028,49,7,99
1500,182,1,18
4705,180,10,6
3611,453,10,5
2498,215,1,7
687,373,4,74
1324,183,5,59
4215,349,1,77
1046,452,4,55
1141,374,8,50
1617,159,3,5
1582,225,8,6
4027,500,8,2
2823,390,10,85
4152,35,5,34
2415,249,2,86
594,486,4,30
3801,51,7,83
1704,277,10,55
2903,48,1,13
2179,6,3,87
3150,383,7,49
120,239,6,96
1543,11,1,65
2162,90,8,3
2124,140,9,95
2789,458,2,34
2780,167,10,6
4796,314,7,52
2267,63,9,26
3729,184,3,12
1992,31,8,10
1063,11,2,65
2847,279,6,77
1212,227,10,68
1311,345,5,91
3032,425,2,33
2452,288,4,4
1771,229,7,13
44,160,10,87
2789,393,9,3
4065,43,10,26
1809,180,6,6
4827,189,5,92
3510,209,6,52
4156,267,10,84
1454,130,4,66
2096,287,5,31
4633,148,5,26
1212,319,1,83
3115,290,4,36
4972,472,5,68
4202,311,4,75
2966,86,6,81
2879,7,4,4
2224,70,1,63
2636,54,1,31
3471,320,9,36
3353,454,9,17
4675,467,2,81
736,304,9,99
648,500,10,2
4362,91,5,24
3255,30,9,68
3992,240,3,47
4767,305,6,83
4006,444,1,43
3312,150,7,74
2824,388,5,79
2873,327,7,58
1455,409,10,26
1204,140,7,95
632,214,1,89
2732,435,5,34
319,201,5,87
791,185,3,38
2665,279,10,77
2979,383,7,49
985,199,8,12
4950,65,6,77
4676,136,5,99
3643,345,9,91
867,79,5,88
2756,184,10,12
3713,467,8,81
4690,119,6,1
2697,279,7,77
130,69,10,57
2009,66,5,77
4319,396,5,54
2776,256,5,88
607,441,2,1
4290,364,5,86
260,201,7,87
1686,293,6,25
1352,334,2,75
1115,54,6,31
2351,35,7,34
595,3,7,85
1010,336,9,62
3100,97,6,65
2016,201,6,87
3966,217,6,22
1827,468,9,54
293,229,5,13
1772,23,10,51
4175,39,8,14
3919,264,5,21
3457,392,3,32
928,6,2,87
1788,142,3,24
1478,471,2,49
4182,402,5,63
921,2,1,7
2211,163,9,17
1035,484,7,54
4539,451,9,98
751,162,3,21
2283,16,4,13
1136,102,4,37
1309,351,3,71
1186,354,6,94
1367,149,3,24
3246,110,8,8
2046,158,9,63
1404,12,9,14
4809,380,3,42
4521,456,7,42
4228,495,1,25
2429,234,3,30
2286,335,9,76
1752,207,5,26
2531,439,8,14
1406,396,5,54
1075,491,3,60
3579,349,2,77
2759,382,7,22
3316,158,6,63
4637,266,5,57
2750,140,5,95
857,79,4,88
486,60,6,43
4446,408,10,8
779,277,3,55
3436,325,6,59
4146,478,2,2
1696,170,10,70
3444,370,7,76
596,46,9,26
1089,14,9,47
2258,71,7,48
3382,130,6,66
2124,349,2,77
2922,461,10,44
282,284,4,38
1666,348,9,59
4385,15,3,40
4891,4,4,8
3527,103,7,94
341,420,2,14
71,100,3,100
2452,369,1,84
676,189,7,92
4968,8,7,73
2631,226,4,1
2798,202,9,27
339,285,4,18
3218,207,8,26
4746,491,1,60
4864,336,5,62
4612,409,6,26
2402,184,8,12
2958,25,4,43
3074,456,3,42
4568,235,4,95
849,98,6,24
4851,355,8,53
34,271,5,77
206,213,1,85
2428,384,6,81
2849,316,5,84
3378,361,1,49
2785,203,5,15
2032,116,1,61
3961,75,8,86
1341,422,3,56
52,82,2,100
2599,441,1,1
1302,54,5,31
902,288,4,4
892,301,7,28
3720,374,6,50
1567,76,10,19
3832,396,4,54
2713,100,4,100
2180,113,4,78
412,274,7,1
2164,420,10,14
4360,214,10,89
3627,333,4,60
2377,455,8,42
2556,466,7,51
3656,492,4,82
4469,225,4,6
291,183,1,59
1391,488,3,31
4927,460,4,8
1972,443,1,37
1165,74,10,28
2853,332,10,30
2352,232,10,33
2447,396,5,54
2726,254,7,67
921,174,3,80
12,99,6,41
4595,81,10,5
2978,147,7,100
1613,228,10,28
3770,222,8,54
3195,184,10,12
2066,119,3,1
4705,202,5,27
2556,216,9,66
47,61,10,8
642,185,6,38
2085,68,3,72
4144,197,7,55
2201,136,10,99
3462,100,1,100
150,438,10,51
4488,289,3,8
2210,276,3,85
2746,93,8,18
3437,459,7,96
902,73,5,40
4012,409,8,26
236,194,7,51
4345,474,5,20
1968,75,5,86
2353,23,7,51
3647,318,9,100
1439,170,9,70
116,34,1,14
3521,108,1,7
1109,151,5,21
2440,436,8,81
1975,149,1,24
1586,53,5,100
3081,499,9,38
4656,315,10,88
376,1,4,50
4408,441,7,1
272,395,5,35
807,368,2,15
1348,235,8,95
2629,129,5,71
1882,105,6,63
1143,272,6,50
4246,32,7,27
4266,96,6,79
1450,223,1,38
4749,144,4,11
3877,112,9,25
3588,159,10,5
4103,414,8,6
1901,144,2,11
1642,225,9,6
3962,238,2,12
101,414,3,6
1518,308,9,8
2989,32,1,27
83,175,10,83
3189,425,1,33
3396,379,9,51
4555,268,4,72
3974,51,4,83
549,203,4,15
3067,141,10,100
3902,343,6,79
2217,467,1,81
2587,108,4,7
4416,496,7,54
305,58,8,13
92,400,6,98
436,268,3,72
4100,488,10,31
791,106,7,40
4894,4,8,8
3725,341,4,2
4754,397,5,74
1767,187,3,81
4997,209,4,52
3172,347,10,27
2095,30,6,68
3637,57,1,70
3956,448,2,18
2581,281,2,96
1897,204,9,48
3192,122,10,33
2965,142,3,24
3124,241,8,20
335,324,1,84
1492,416,3,81
1535,99,1,41
2347,433,2,84
2896,274,1,1
1476,405,1,49
681,1,10,50
1687,282,1,65
2239,415,9,7
2854,251,1,5
1373,432,6,38
957,105,7,63
3651,267,7,84
4354,486,10,30
360,21,10,63
2411,493,3,33
2677,320,3,36
3985,416,4,81
3231,424,6,15
1837,36,10,65
2050,318,9,100
1206,9,7,74
3708,355,6,53
4614,37,2,96
3648,260,1,16
1987,346,3,48
3678,252,3,19
2137,276,4,85
1013,308,8,8
4283,300,6,11
2399,347,6,27
3954,221,5,38
2787,127,6,50
488,413,8,70
3127,278,8,93
2444,367,5,13
791,180,3,6
2329,25,9,43
1759,139,1,71
1561,385,3,40
3312,147,10,100
946,472,5,68
3905,328,4,30
4193,120,2,23
1748,58,1,13
2735,69,4,57
3771,1,2,50
2616,183,1,59
1974,21,7,63
4134,279,7,77
4586,218,6,25
431,236,5,26
3035,412,5,75
1128,272,10,50
3028,495,2,25
3383,120,2,23
4603,21,8,63
3260,366,10,68
3838,178,5,91
4133,325,10,59
853,63,7,26
3456,294,4,57
3317,220,7,75
1661,273,9,60
2955,1,5,50
4789,136,5,99
3425,353,6,9
398,119,10,1
85,360,8,4
1903,134,2,1
2700,171,7,53
2878,155,1,49
905,38,3,62
205,458,10,34
89,326,4,88
1396,31,1,10
1318,311,6,75
867,366,5,68
4720,54,4,31
3632,320,5,36
1658,379,4,51
3138,414,3,6
1061,277,6,55
4960,111,9,18
2705,357,7,29
3880,160,2,87
441,467,6,81
2912,88,1,48
189,83,6,97
4506,393,7,3
3857,356,7,33
2038,137,10,72
3765,473,9,27
851,337,2,30
2027,406,7,85
4920,401,8,11
3686,162,10,21
855,58,9,13
3888,152,3,11
1420,57,3,70
4534,479,1,79
305,181,10,77
2652,411,8,45
291,196,1,34
910,126,7,21
2237,260,4,16
9,247,10,65
3906,59,5,29
1839,286,8,66
3195,373,5,74
4242,146,6,36
198,179,5,97
4789,330,7,14
3593,157,4,52
1556,378,8,37
850,226,6,1
4272,188,3,89
3572,390,7,85
4319,409,10,26
3863,225,1,6
2642,357,4,29
1539,346,8,48
4698,167,4,6
223,184,5,12
3154,223,7,38
4943,384,2,81
589,207,5,26
4720,110,8,8
4070,358,3,88
619,441,8,1
2249,26,8,88
3737,88,2,48
3270,152,6,11
4436,401,1,11
2258,202,4,27
4819,124,1,1
1469,288,9,4
4237,52,8,1
1142,39,4,14
1543,140,4,95
4890,10,10,79
4147,7,8,4
502,460,2,8
2094,24,1,41
948,334,1,75
1280,220,7,75
817,149,3,24
2274,121,6,69
4948,146,6,36
1398,342,3,46
1825,180,6,6
304,344,3,69
2829,274,1,1
3393,35,6,34
2862,206,1,68
4766,282,4,65
2438,444,1,43
2273,408,2,8
550,233,3,85
3440,254,10,67
2415,401,1,11
163,39,3,14
79,312,8,79
4195,62,3,11
2481,287,1,31
1996,103,3,94
828,264,10,21
1619,244,2,98
1071,19,1,47
634,369,1,84
1755,425,3,33
2918,97,5,65
371,391,7,8
3470,92,4,75
4976,224,4,11
4909,231,4,25
2579,402,2,63
2281,155,9,49
1082,381,7,31
603,228,5,28
962,349,5,77
3410,135,9,88
4828,112,9,25
365,80,8,76
4978,267,3,84
2170,27,2,2
4431,495,10,25
1998,314,3,52
3950,476,3,29
229,408,8,8
652,106,1,40
781,476,10,29
1390,250,10,63
85,282,4,65
3798,18,2,51
868,157,3,52
3115,369,5,84
4036,106,7,40
4116,481,1,82
2790,499,5,38
1690,449,3,74
3782,479,1,79
340,254,10,67
421,380,2,42
3630,190,9,83
2361,59,9,29
619,298,8,86
798,413,3,70
1781,192,7,35
186,234,6,30
4226,491,3,60
195,274,1,1
4724,385,3,40
917,66,5,77
3220,85,9,43
3989,445,6,75
2278,337,8,30
889,474,9,20
4907,467,6,81
3931,314,4,52
535,76,9,19
2414,153,6,16
4121,292,9,6
4026,473,10,27
2294,31,1,10
3820,184,7,12
1762,119,1,1
2505,353,8,9
2121,417,7,72
3161,100,5,100
4143,253,9,11
4880,198,3,15
3754,65,1,77
2175,178,10,91
2494,346,2,48
4806,147,9,100
1959,338,10,11
2615,393,6,3
3973,279,4,77
4838,177,4,64
191,23,8,51
3862,201,3,87
4214,119,5,1
1973,444,6,43
2863,381,2,31
3043,486,4,30
301,51,5,83
4193,15,6,40
708,18,4,51
3890,100,8,100
37,5,5,81
4800,164,5,5
323,264,3,21
2481,83,5,97
4529,22,5,12
1379,83,2,97
3396,394,3,18
76,195,2,8
2904,100,8,100
798,228,10,28
1877,300,1,11
1343,149,3,24
1512,496,1,54
4542,215,3,7
74,371,4,75
3111,394,10,18
3547,40,6,4
2575,479,5,79
777,84,1,39
2926,157,5,52
1824,441,9,1
1496,91,10,24
1604,94,9,77
4777,384,5,81
1537,340,4,62
3932,490,9,44
2479,253,2,11
2736,395,1,35
2458,203,3,15
3143,3,3,85
2673,107,9,93
2673,105,4,63
2842,23,10,51
2059,441,8,1
4215,26,9,88
3377,329,7,100
2594,152,2,11
989,385,5,40
3620,21,10,63
4457,109,7,17
1043,473,6,27
2311,488,4,31
1812,425,2,33
961,450,3,40
1933,411,2,45
4420,212,3,94
1215,446,5,9
2884,91,4,24
2169,413,8,70
378,435,9,34
4722,223,5,38
1847,451,8,98
49,498,2,24
625,340,7,62
3225,314,7,52
1376,439,3,14
3767,55,8,70
1742,156,1,34
25,478,8,2
2639,71,7,48
1729,180,8,6
923,112,4,25
3585,264,9,21
3211,213,2,85
284,322,5,37
4022,4,4,8
2352,256,10,88
2635,419,10,100
998,455,7,42
4115,479,2,79
4889,374,8,50
4376,85,3,43
343,41,1,20
1352,99,9,41
1450,320,7,36
3700,454,1,17
3480,137,4,72
4892,257,8,22
4812,232,2,33
4665,165,5,1
4308,469,8,32
2493,385,6,40
461,451,4,98
1969,101,9,19
3084,137,5,72
4107,415,2,7
881,8,2,73
3813,490,10,44
804,340,8,62
3965,442,3,57
703,247,5,65
2245,311,5,75
4948,273,8,60
2624,243,3,55
3119,393,6,3
1530,156,2,34
729,201,3,87
4670,226,5,1
176,338,7,11
2259,42,8,66
2994,301,8,28
2378,110,2,8
2655,74,7,28
3563,162,8,21
1312,125,6,14
741,311,3,75
3348,466,10,51
908,498,4,24
2246,85,6,43
2812,216,5,66
4982,491,7,60
1074,48,7,13
4046,315,9,88
4506,423,3,57
4134,269,1,44
342,232,2,33
1668,374,9,50
269,112,2,25
2993,366,5,68
2102,162,5,21
421,178,1,91
2791,31,1,10
2254,332,7,30
2077,78,3,5
1319,376,2,80
1386,274,7,1
2664,381,7,31
772,246,9,32
3749,149,7,24
4159,140,10,95
381,79,8,88
2893,382,9,22
1730,284,8,38
1164,160,3,87
4548,286,4,66
3928,438,1,51
4427,197,9,55
282,356,3,33
1924,290,1,36
3036,18,4,51
3066,458,4,34
1224,99,4,41
1625,336,1,62
4988,248,4,1
621,56,5,30
3718,378,7,37
929,392,7,32
2819,183,1,59
2295,97,9,65
160,212,8,94
1212,113,6,78
1501,153,2,16
3908,10,10,79
1270,320,1,36
1555,298,8,86
4156,485,2,61
1448,164,1,5
2989,143,7,95
1087,82,8,100
4628,327,2,58
2474,334,8,75
669,200,7,68
2017,331,7,46
2868,478,8,2
2002,318,3,100
3880,480,8,42
3961,388,3,79
2138,244,3,98
2411,32,5,27
1778,68,8,72
3664,29,1,65
2025,397,9,74
1058,433,2,84
2299,197,1,55
1983,299,10,15
2321,301,7,28
1941,75,10,86
4277,202,3,27
3874,329,2,100
1947,32,9,27
4927,367,9,13
3090,313,3,8
631,357,7,29
4968,300,2,11
3784,455,10,42
2415,441,5,1
2080,365,10,85
1918,191,10,77
3025,490,3,44
2623,441,1,1
1160,95,5,92
4142,75,3,86
190,371,1,75
1484,230,6,42
4266,419,1,100
1661,250,5,63
2606,389,10,69
464,3,10,85
2308,125,2,14
4773,435,7,34
1084,403,4,77
1347,453,3,5
2266,454,7,17
1823,312,5,79
528,455,2,42
3145,214,3,89
3583,372,6,99
631,215,2,7
4800,241,3,20
3747,242,1,93
582,443,6,37
3236,483,8,61
2832,202,8,27
4439,5,1,81
2198,118,1,34
18,495,5,25
1722,299,8,15
214,54,3,31
3523,175,1,83
3046,154,1,4
1224,192,7,35
3329,237,8,28
785,495,7,25
1710,10,9,79
4876,249,7,86
2296,484,5,54
2243,494,7,69
2819,307,8,14
833,220,3,75
3232,75,9,86
4857,76,1,19
1445,425,3,33
3459,250,1,63
3679,88,6,48
4224,57,1,70
1441,170,2,70
2273,81,2,5
3478,71,6,48
235,263,4,39
2649,10,2,79
2828,186,2,36
1580,144,1,11
1503,54,2,31
1455,469,2,32
2040,388,10,79
1362,132,6,90
1996,340,9,62
2240,127,3,50
2072,408,5,8
3447,282,4,65
3342,366,9,68
2705,270,3,21
3855,232,8,33
2041,490,9,44
2979,424,8,15
1809,285,10,18
825,120,1,23
3037,176,10,100
1647,461,8,44
2523,305,3,83
680,108,5,7
2804,199,10,12
635,87,8,58
2838,137,10,72
4979,244,2,98
3604,337,5,30
2996,159,1,5
2372,211,4,13
2025,417,10,72
2520,79,4,88
4015,156,9,34
4971,307,2,14
3012,414,6,6
371,350,6,100
322,63,1,26
3427,485,5,61
2498,208,1,11
3487,356,1,33
3141,226,7,1
2404,82,4,100
2893,470,2,68
3718,102,4,37
4935,130,1,66
755,180,3,6
2586,444,8,43
2698,40,4,4
677,484,6,54
3257,458,1,34
2135,63,8,26
2343,435,1,34
4100,159,4,5
1265,239,10,96
2255,455,4,42
945,263,6,39
3631,313,3,8
2253,243,2,55
3080,222,6,54
1892,367,2,13
4556,359,4,47
2315,41,10,20
4988,297,6,44
864,350,9,100
4904,427,1,8
865,380,10,42
2252,392,2,32
4966,125,7,14
4379,221,1,38
842,264,1,21
209,346,8,48
3795,419,9,100
894,302,7,62
2395,273,1,60
405,146,8,36
4398,134,3,1
976,282,10,65
2760,315,7,88
4871,98,1,24
1137,63,4,26
2984,100,4,100
3748,254,10,67
3820,403,5,77
3953,245,10,61
3485,284,9,38
4529,162,9,21
3137,27,8,2
3491,103,3,94
2240,393,9,3
4644,27,3,2
62,323,1,36
2012,200,4,68
3290,82,7,100
972,113,4,78
3285,20,4,79
1708,112,9,25
1266,327,4,58
3231,430,7,32
609,65,5,77
4344,213,2,85
2766,409,4,26
513,86,1,81
1482,70,7,63
1785,224,3,11
2683,18,10,51
2442,429,6,63
3541,388,8,79
2973,146,2,36
1087,234,4,30
3347,104,1,47
168,37,1,96
2881,172,10,79
2731,256,3,88
2797,417,3,72
4380,200,2,68
3225,133,6,65
813,69,10,57
3222,457,7,28
2700,70,3,63
4245,4,8,8
4475,373,6,74
1057,141,3,100
818,185,10,38
4240,70,3,63
2516,203,5,15
3904,26,4,88
3145,330,4,14
159,426,10,91
824,330,1,14
1681,337,8,30
2406,496,1,54
4,237,10,28
271,226,9,1
67,406,9,85
2337,488,9,31
4941,252,6,19
1343,124,2,1
1348,200,5,68
143,308,7,8
2406,350,9,100
2783,415,7,7
120,175,5,83
810,34,8,14
3238,205,8,44
3056,488,7,31
1832,140,1,95
4097,201,4,87
41,301,8,28
1858,326,6,88
3108,189,2,92
266,230,9,42
3555,257,8,22
3716,115,4,9
2031,265,3,96
631,301,4,28
1252,138,5,47
3997,66,10,77
1710,93,6,18
4180,39,4,14
2310,251,4,5
1127,123,4,86
1124,186,2,36
255,83,6,97
2543,130,2,66
4123,144,1,11
2957,88,7,48
2193,477,8,71
3428,226,2,1
975,410,4,23
2085,391,10,8
4218,25,9,43
1316,205,3,44
4579,388,1,79
3037,215,3,7
3641,263,3,39
4357,205,5,44
4467,336,8,62
1889,33,4,7
4401,359,7,47
1430,159,9,5
1543,177,7,64
1825,85,8,43
4344,294,2,57
1914,31,10,10
3869,448,1,18
738,234,9,30
2833,186,6,36
2428,348,1,59
592,196,6,34
1720,121,8,69
3274,252,10,19
4284,63,1,26
4970,285,10,18
1227,51,2,83
2064,415,3,7
4726,300,9,11
3748,492,3,82
1083,45,1,86
959,383,10,49
4970,310,10,30
1550,57,10,70
4441,447,5,27
3471,176,3,100
2900,480,2,42
3737,126,4,21
3108,128,10,83
3185,434,3,100
4994,17,4,93
945,416,9,81
3444,433,7,84
4703,214,8,89
2341,256,2,88
1920,488,5,31
3951,314,2,52
290,47,2,80
3237,500,6,2
4133,121,6,69
2926,406,9,85
181,46,1,26
4100,167,5,6
4395,432,6,38
2435,404,9,29
1511,143,8,95
4694,267,6,84
2605,337,4,30
2106,393,7,3
2726,491,1,60
579,475,7,2
2927,185,5,38
4560,241,3,20
2696,256,1,88
1481,116,7,61
3304,42,4,66
1269,466,3,51
76,364,7,86
235,207,10,26
4268,332,4,30
2385,144,6,11
3165,261,2,4
2775,163,3,17
3269,380,5,42
614,101,8,19
4895,397,5,74
3416,56,3,30
2441,387,3,50
4075,415,1,7
3099,471,3,49
4112,270,1,21
3694,372,10,99
3480,340,2,62
1085,166,4,73
1344,165,5,1
697,171,3,53
3067,478,3,2
838,214,4,89
1126,266,1,57
1206,303,3,45
1581,25,5,43
3788,421,5,55
3155,343,2,79
4961,328,1,30
4513,47,8,80
3493,495,1,25
1832,296,7,12
3531,323,7,36
4899,482,8,64
3612,51,2,83
1675,302,8,62
4583,474,4,20
978,328,9,30
4554,430,5,32
4586,406,3,85
2340,327,8,58
3842,287,1,31
326,485,7,61
2468,158,2,63
4221,281,2,96
3856,61,3,8
4576,431,5,1
3136,20,4,79
3204,78,7,5
1954,37,7,96
1456,197,10,55
4771,4,3,8
3797,436,10,81
403,400,8,98
3108,20,5,79
3155,424,6,15
4350,479,8,79
2432,349,5,77
4158,158,10,63
2370,219,4,34
1988,448,10,18
714,204,4,48
3765,380,7,42
4184,483,4,61
3280,117,3,18
4049,298,7,86
59,198,2,15
2769,376,6,80
4184,441,7,1
2641,2,1,7
1692,400,9,98
2151,398,9,90
2018,459,4,96
731,405,1,49
3783,434,10,100
2821,376,7,80
4842,322,5,37
4379,288,5,4
2925,408,10,8
1752,295,1,16
4436,103,8,94
1082,63,2,26
3967,357,8,29
1979,33,10,7
4997,332,5,30
376,473,6,27
3981,433,7,84
4095,37,8,96
940,401,4,11
2575,291,7,51
4737,109,8,17
3932,344,6,69
3806,417,7,72
1838,3,5,85
2451,171,1,53
2455,108,7,7
806,447,7,27
4945,461,7,44
2717,120,4,23
433,10,2,79
3914,240,3,47
1178,2,6,7
2511,163,10,17
2217,124,9,1
4658,438,8,51
647,377,6,65
4958,123,5,86
1294,488,7,31
2547,362,6,41
2912,91,1,24
3886,41,2,20
1405,202,7,27
4002,74,7,28
2083,459,3,96
776,235,7,95
1826,367,3,13
1484,402,2,63
61,214,1,89
1501,437,7,67
918,454,10,17
3186,353,2,9
4295,121,9,69
4080,415,1,7
3220,430,4,32
705,304,9,99
570,409,5,26
98,289,10,8
721,148,10,26
982,171,10,53
4297,41,5,20
3487,447,7,27
3231,180,2,6
4849,156,10,34
2459,99,2,41
4127,124,7,1
4516,119,6,1
224,442,2,57
4345,481,9,82
3272,57,6,70
4949,22,7,12
2740,7,7,4
1306,346,5,48
1183,250,9,63
1378,125,6,14
2425,425,10,33
1057,33,8,7
958,222,10,54
4726,68,9,72
1182,406,6,85
3567,299,1,15
351,157,6,52
1692,278,10,93
1044,443,9,37
1395,33,3,7
2047,468,6,54
2552,281,10,96
4995,205,6,44
3490,457,8,28
1695,156,2,34
2552,21,9,63
1471,392,4,32
2428,69,8,57
132,24,2,41
678,126,10,21
345,244,7,98
3718,218,7,25
4831,353,4,9
1621,195,7,8
1337,213,2,85
1558,311,6,75
471,100,10,100
1525,456,4,42
4009,154,9,4
2990,2,10,7
3107,87,10,58
4835,32,7,27
3350,447,4,27
1240,5,10,81
4501,72,2,38
4281,86,10,81
1071,209,3,52
3226,7,7,4
3080,307,6,14
1582,353,9,9
4655,239,8,96
4054,73,4,40
3130,443,4,37
4339,293,7,25
4246,210,10,15
4177,500,1,2
1486,182,3,18
3306,381,4,31
2027,385,5,40
15,160,8,87
2425,278,4,93
2836,192,3,35
774,248,7,1
2127,306,6,27
2804,156,5,34
1295,328,1,30
2841,8,7,73
2536,241,1,20
4298,199,8,12
3105,177,2,64
502,197,9,55
2416,391,4,8
1527,296,3,12
3125,352,1,77
1620,315,2,88
1876,83,10,97
1025,294,1,57
3712,198,1,15
115,378,8,37
3857,58,7,13
1188,29,2,65
3544,368,2,15
4574,65,3,77
3902,307,1,14
2766,281,2,96
3984,101,1,19
2280,301,8,28
2324,5,10,81
4834,402,6,63
1931,388,3,79
1494,324,7,84
116,396,6,54
4400,50,4,46
2036,457,10,28
68,485,7,61
2948,412,3,75
2170,395,6,35
2783,15,2,40
3939,47,10,80
1733,169,8,53
4218,203,9,15
2255,36,9,65
3703,151,6,21
1747,460,2,8
3383,86,3,81
3819,387,5,50
3255,75,6,86
2010,256,2,88
4647,147,6,100
391,316,7,84
3086,397,8,74
2337,221,7,38
351,162,9,21
1892,182,10,18
4198,152,9,11
847,449,3,74
1566,214,4,89
2325,110,4,8
523,338,2,11
4711,129,3,71
3017,260,9,16
2486,40,8,4
1189,323,9,36
3145,116,6,61
3199,160,3,87
2601,118,4,34
4007,130,3,66
55,452,10,55
3885,264,7,21
3424,383,9,49
516,58,7,13
847,209,8,52
3228,367,6,13
4897,406,9,85
3929,237,2,28
4188,365,9,85
1495,51,2,83
1074,268,2,72
2669,257,10,22
4540,70,6,63
866,492,9,82
570,303,4,45
2924,259,9,15
646,36,1,65
4157,86,7,81
2200,35,7,34
4979,214,2,89
3771,81,5,5
1054,58,1,13
4972,296,6,12
1701,456,3,42
3133,435,10,34
469,52,9,1
3423,499,1,38
20,308,10,8
496,347,10,27
1185,467,10,81
129,235,5,95
3555,140,3,95
108,236,4,26
3560,294,6,57
1094,420,9,14
431,217,10,22
1844,236,7,26
3077,400,8,98
260,378,7,37
3390,210,7,15
1183,412,6,75
3267,185,7,38
261,116,4,61
3943,386,9,23
3312,58,4,13
1767,49,4,99
997,172,10,79
2641,387,10,50
1516,50,9,46
217,153,10,16
3656,275,8,84
2352,405,2,49
2991,370,10,76
2859,348,7,59
4570,59,8,29
2952,175,4,83
4195,16,9,13
4963,394,1,18
3339,496,10,54
998,273,8,60
175,427,6,8
1131,248,10,1
3094,24,3,41
3996,446,10,9
1520,307,8,14
3713,254,5,67
3198,163,8,17
225,292,2,6
1503,413,10,70
3257,198,10,15
2157,210,5,15
331,271,5,77
4623,478,8,2
1406,367,10,13
3033,165,1,1
1116,435,3,34
1945,256,7,88
3776,321,8,44
4652,136,10,99
3593,54,7,31
2558,468,2,54
608,239,6,96
4639,319,2,83
2289,230,2,42
2928,188,5,89
3056,424,4,15
1179,146,1,36
338,24,5,41
1997,244,6,98
3886,431,9,1
429,200,5,68
3543,107,5,93
4193,159,10,5
3328,191,4,77
3205,53,10,100
1822,228,1,28
583,355,4,53
3762,46,4,26
2019,54,5,31
461,35,5,34
3645,214,6,89
4770,173,9,72
3142,20,3,79
268,94,7,77
633,93,5,18
4429,145,7,75
4769,90,4,3
3053,70,4,63
163,389,4,69
91,25,9,43
2962,129,8,71
1000,295,1,16
3936,421,4,55
758,93,5,18
633,278,5,93
3563,373,5,74
1129,182,8,18
2673,84,5,39
1515,422,8,56
4662,94,3,77
1206,310,1,30
3452,193,4,99
3010,353,6,9
4476,14,1,47
2963,39,9,14
636,116,5,61
914,241,6,20
3365,407,10,52
3341,156,7,34
4863,200,3,68
1626,452,4,55
2760,257,9,22
1664,262,10,31
94,216,8,66
4604,125,6,14
3173,422,5,56
3641,13,6,99
4588,407,4,52
4473,287,3,31
2337,280,9,86
3219,111,3,18
2011,477,7,71
4973,339,6,44
706,299,10,15
336,486,5,30
1999,450,7,40
1835,116,8,61
3746,118,7,34
1566,186,6,36
2810,66,4,77
2670,319,7,83
4088,77,2,42
4915,174,5,80
3599,54,5,31
3613,389,3,69
3985,346,5,48
1999,479,1,79
4235,54,4,31
4953,469,7,32
3477,230,9,42
29,411,3,45
1398,450,2,40
3838,262,8,31
1005,28,5,22
1317,377,10,65
896,404,1,29
4731,33,4,7
2483,380,1,42
4042,277,9,55
583,434,1,100
982,317,6,82
2794,364,7,86
4347,196,8,34
3589,485,7,61
159,24,6,41
1019,89,3,68
4712,138,5,47
2694,333,10,60
800,30,10,68
4161,401,4,11
2395,339,10,44
3344,110,9,8
632,409,6,26
4019,106,9,40
3416,81,10,5
1644,293,4,25
1979,203,1,15
1913,75,8,86
2914,467,4,81
3130,369,4,84
1214,377,7,65
10,154,3,4
3092,16,9,13
2441,414,1,6
747,26,1,88
185,494,10,69
2057,90,3,3
188,300,9,11
4702,276,1,85
2624,127,7,50
2913,34,10,14
1345,284,6,38
2971,251,9,5
3332,136,10,99
3433,182,10,18
2892,312,4,79
902,454,10,17
4031,497,7,75
1877,306,4,27
2625,236,2,26
197,411,4,45
2628,154,3,4
412,141,7,100
3006,202,9,27
4229,88,3,48
1885,293,6,25
3984,39,8,14
4863,90,7,3
4326,52,6,1
1448,192,4,35
4705,43,2,26
3948,91,3,24
2005,32,5,27
1048,486,9,30
2637,410,1,23
2726,3,4,85
894,279,5,77
1576,273,6,60
4151,67,7,27
71,333,4,60
467,293,10,25
3369,384,6,81
4777,340,7,62
15,235,7,95
4052,21,9,63
428,99,6,41
999,323,5,36
228,386,3,23
1436,378,3,37
4187,228,2,28
2794,341,7,2
1226,482,1,64
597,367,2,13
697,133,4,65
789,276,2,85
1568,267,3,84
2800,267,5,84
2017,72,8,38
1176,271,6,77
1820,301,10,28
173,463,2,27
836,287,10,31
1343,431,8,1
3549,2,4,7
4650,88,3,48
235,471,10,49
3302,414,2,6
1414,449,3,74
1458,413,8,70
3797,111,3,18
579,383,4,49
132,179,1,97
3149,210,1,15
2426,193,6,99
4847,113,4,78
4117,86,10,81
1134,79,3,88
3669,429,1,63
707,253,6,11
1633,321,9,44
4574,444,9,43
4033,301,9,28
2892,404,4,29
157,472,4,68
260,494,6,69
1241,74,4,28
1211,308,3,8
1771,200,6,68
2663,363,7,53
2603,326,10,88
2315,285,8,18
2630,195,7,8
3129,232,6,33
3302,47,2,80
72,247,4,65
2873,430,7,32
1817,303,3,45
800,135,10,88
1256,211,1,13
1592,497,4,75
52,356,5,33
748,433,6,84
249,322,6,37
3327,274,10,1
575,365,2,85
2840,481,1,82
4191,92,6,75
4447,369,5,84
981,374,8,50
4140,341,8,2
2992,290,2,36
1615,251,9,5
2608,135,2,88
2350,441,2,1
3383,323,7,36
1488,404,5,29
367,93,3,18
2035,92,1,75
4529,56,1,30
4169,495,1,25
3117,72,8,38
3271,428,6,31
127,487,2,47
3378,118,3,34
2360,359,5,47
2845,51,8,83
64,123,9,86
4541,481,2,82
4837,410,4,23
3081,321,9,44
4794,397,6,74
2159,201,10,87
3063,361,5,49
2050,251,1,5
989,180,9,6
3868,73,4,40
2847,330,4,14
517,457,10,28
4373,267,9,84
4217,336,8,62
2867,449,6,74
3565,352,2,77
2338,100,9,100
627,24,2,41
166,137,3,72
2574,455,3,42
3358,289,6,8
2909,124,9,1
3593,487,4,47
3328,265,7,96
819,438,7,51
3489,325,8,59
1245,478,6,2
1505,488,7,31
3926,106,4,40
1356,148,3,26
1390,441,7,1
2282,436,5,81
1779,147,2,100
2916,313,8,8
2404,197,4,55
755,434,10,100
3422,270,9,21
438,31,3,10
4823,371,1,75
1435,437,7,67
1972,289,10,8
4888,145,4,75
4967,239,5,96
1159,416,6,81
148,378,9,37
2982,31,3,10
1735,400,2,98
755,427,1,8
1102,281,10,96
3681,97,5,65
2068,448,6,18
3062,243,9,55
1246,310,9,30
3162,166,2,73
4487,48,10,13
871,99,7,41
3773,485,6,61
316,454,9,17
3148,280,9,86
4285,310,7,30
1068,384,4,81
2160,500,7,2
142,389,5,69
2172,383,9,49
3982,275,10,84
3050,70,9,63
4016,171,7,53
1099,37,8,96
3113,231,1,25
3138,386,8,23
1569,218,7,25
754,347,8,27
3336,29,1,65
2166,157,1,52
276,298,3,86
424,167,4,6
4209,450,8,40
1107,107,5,93
10,140,9,95
298,424,6,15
1430,28,1,22
2747,390,5,85
4078,429,4,63
3720,354,5,94
1227,183,3,59
4897,168,3,6
3724,64,8,79
234,428,7,31
267,90,3,3
528,489,9,52
2894,191,7,77
2615,244,9,98
4126,13,4,99
3017,218,6,25
1628,311,6,75
3341,494,3,69
4163,447,5,27
2092,98,9,24
4342,298,10,86
171,483,4,61
3302,71,4,48
727,438,8,51
2704,475,10,2
587,285,2,18
4583,432,9,38
1690,106,9,40
3242,101,4,19
3094,297,9,44
2815,323,8,36
2788,74,3,28
2354,495,9,25
720,380,1,42
1568,212,10,94
2191,315,10,88
3248,243,9,55
297,131,4,87
4416,164,4,5
3694,161,6,42
925,108,8,7
3461,358,2,88
1025,19,10,47
4647,315,2,88
863,375,2,57
4923,272,7,50
336,145,2,75
1213,498,3,24
4165,479,1,79
1633,446,1,9
3512,196,6,34
2685,414,1,6
4091,184,5,12
3928,474,6,20
42,79,2,88
1921,299,3,15
2953,225,9,6
116,466,6,51
4884,422,9,56
2057,32,8,27
4941,193,1,99
1819,18,6,51
236,24,8,41
4077,42,7,66
2187,160,7,87
414,439,2,14
1607,483,3,61
152,187,1,81
4678,492,3,82
1798,427,2,8
4474,180,6,6
2223,101,7,19
4460,359,7,47
3789,386,1,23
276,157,4,52
1824,156,4,34
2795,260,3,16
3349,62,1,11
4350,382,8,22
2798,269,6,44
