445,165,9,28
812,326,7,22
1404,192,10,82
2542,209,6,31
4194,69,8,47
2773,204,4,19
2953,63,7,24
3421,164,1,21
3442,426,10,100
3549,151,3,76
2758,327,9,25
4500,165,8,28
3178,12,4,71
1773,142,3,76
3404,135,1,71
244,271,6,12
270,322,1,77
1708,411,2,48
3713,167,6,17
3088,10,1,60
2134,340,7,68
1797,338,3,52
528,135,2,71
1994,328,4,58
190,462,10,4
3426,12,9,71
3444,264,10,2
2318,293,6,32
1840,10,3,60
1858,147,1,46
1241,332,6,34
1382,464,2,35
1969,209,6,31
822,23,3,100
4350,396,10,91
3837,15,2,31
2783,204,1,19
289,309,8,19
1939,14,5,85
3200,259,4,49
2195,298,3,85
2941,136,4,12
3564,321,4,19
1463,377,10,67
1224,286,1,22
858,378,7,10
2687,10,3,60
721,453,10,21
2542,485,9,80
1808,499,8,56
4848,415,1,12
910,258,3,9
2420,269,5,24
4638,260,8,99
246,391,2,87
1767,169,4,11
3034,366,6,16
3923,244,5,35
2537,224,9,9
2377,459,10,83
3663,479,7,49
4201,140,8,40
747,484,1,93
3415,46,8,88
3893,407,1,59
2601,257,7,97
64,186,4,55
2349,436,9,80
6,338,1,52
3665,39,7,7
124,54,10,12
3874,140,7,40
2241,297,4,51
498,441,9,67
2424,173,2,12
21,478,9,35
2751,65,7,88
357,181,10,32
4744,295,5,72
4617,423,3,71
4180,467,10,83
1765,126,1,49
4020,435,1,91
3764,134,4,79
4771,207,8,94
2000,398,7,42
225,161,10,49
681,297,4,51
1585,216,8,22
3134,465,6,85
4723,267,1,54
4702,331,6,67
4005,376,10,35
4236,242,2,56
3826,401,9,34
2841,355,6,36
4867,97,10,16
3962,349,5,7
3350,112,2,85
4900,106,9,45
899,6,2,45
4832,399,10,98
2808,9,2,2
3423,91,1,66
1906,328,5,58
847,51,1,50
3447,455,8,31
2933,401,4,34
4499,253,4,47
2507,261,3,41
4356,407,10,59
2951,89,4,51
882,152,2,34
1902,73,2,95
2242,388,10,37
1998,150,2,34
3958,44,3,20
3607,130,8,30
693,73,1,95
3525,301,5,82
2233,48,8,19
4529,482,1,77
62,130,6,30
2163,279,8,5
4295,87,10,57
3568,254,7,72
2041,484,2,93
1502,106,7,45
480,43,10,21
2254,351,1,50
4284,371,6,39
3620,355,4,36
3131,196,5,97
2587,359,2,78
348,437,6,6
4572,12,4,71
2360,275,5,82
4738,121,6,41
597,14,6,85
73,56,10,29
4985,115,10,92
1592,421,2,97
1525,19,9,54
4264,453,1,21
4309,352,3,87
1479,324,4,80
2590,294,2,74
4463,214,9,71
2625,50,7,85
240,205,2,73
4895,87,5,57
4134,141,8,50
3485,417,10,33
903,184,3,1
1918,92,1,37
2762,317,5,62
4728,374,5,29
2320,189,7,40
2188,223,1,11
3588,244,2,35
1016,95,7,49
2767,293,5,32
1005,25,1,45
2890,38,2,62
3817,457,10,65
3029,196,3,97
1994,8,2,17
3140,30,1,74
4376,418,3,19
1150,215,6,79
1189,434,3,61
4319,21,7,59
420,402,2,42
3615,289,4,41
113,365,5,31
534,124,7,7
3017,26,1,9
3084,490,1,63
2267,220,8,48
2981,87,7,57
4809,405,3,30
3983,475,5,23
2737,323,10,98
880,461,4,73
3705,228,5,25
3836,293,8,32
4102,258,8,9
568,103,7,17
924,460,5,24
2681,353,1,68
3959,71,8,82
4039,405,4,30
2535,480,5,51
3058,185,9,28
1413,454,3,54
3921,327,9,25
921,320,9,62
731,114,7,96
2136,444,2,78
1499,426,4,100
238,448,3,77
2222,370,1,19
3652,413,1,40
1185,471,8,2
3000,182,6,59
492,264,6,2
3131,379,1,32
927,449,6,57
4986,416,4,88
3657,423,3,71
1718,438,4,42
42,431,4,78
3001,339,4,52
2751,100,8,73
2129,209,7,31
943,24,6,20
2560,397,9,6
3035,457,7,65
4867,228,3,25
2321,396,9,91
1504,282,3,56
1462,319,10,98
3359,481,2,28
1417,88,8,68
673,29,1,26
4468,467,1,83
1666,41,7,76
3023,106,7,45
1192,249,8,58
952,93,9,71
2089,279,5,5
4214,87,2,57
1566,391,7,87
1624,329,2,91
1222,204,9,19
4587,346,7,31
1498,8,4,17
4644,180,4,79
3823,371,7,39
846,454,6,54
68,92,7,37
4226,468,3,58
571,41,2,76
482,304,2,67
3134,190,2,11
3196,176,9,48
2402,457,10,65
320,379,5,32
2600,211,4,13
4818,203,2,91
1072,117,10,99
3713,97,9,16
423,366,9,16
4980,23,8,100
454,27,10,69
3040,286,1,22
594,299,7,50
4959,326,7,22
2094,147,8,46
4270,4,10,46
4850,292,2,49
289,116,3,15
1993,199,2,71
4599,482,9,77
1356,325,7,83
327,165,6,28
4902,10,1,60
4603,139,7,44
3814,411,5,48
939,199,2,71
1113,487,10,15
3816,200,4,80
2674,35,6,77
1403,420,7,38
2797,396,8,91
2339,69,10,47
2419,257,3,97
4779,274,8,83
4352,83,2,59
318,425,1,19
2651,120,5,82
2772,327,2,25
1370,153,6,23
3235,476,4,69
4693,390,5,55
4302,396,9,91
306,335,6,93
3215,299,8,50
1829,301,9,82
1585,418,8,19
869,99,7,58
2747,31,4,31
1938,334,2,19
2017,33,5,1
4484,127,5,75
3469,495,10,83
4764,15,2,31
7,457,10,65
1825,76,4,6
1883,184,8,1
3718,147,4,46
3908,374,6,29
4485,113,3,59
1376,311,4,67
4514,240,3,45
3408,163,2,8
3705,100,8,73
2080,66,10,4
3501,168,10,40
4792,240,4,45
1143,291,1,43
3845,191,7,63
4998,30,6,74
1613,318,6,87
3341,417,3,33
4757,187,10,93
1863,310,8,23
4985,152,6,34
2286,455,1,31
1571,323,3,98
1568,413,8,40
492,244,10,35
3333,346,8,31
306,269,8,24
1244,122,5,67
813,443,5,92
1430,254,2,72
2033,57,6,100
1273,340,2,68
484,377,1,67
3411,333,5,55
1241,135,3,71
2544,472,9,44
3667,442,9,44
4175,395,9,40
1746,106,10,45
15,277,1,95
557,218,7,37
331,29,3,26
4964,447,5,66
3350,144,10,33
3326,381,7,53
2180,494,9,16
4130,365,1,31
4917,482,9,77
113,215,4,79
4109,233,6,72
369,184,10,1
4361,408,3,78
3248,430,9,37
1094,141,3,50
3014,317,3,62
1069,57,6,100
3854,39,2,7
2992,255,10,73
1078,361,2,4
884,360,9,12
3392,401,9,34
19,50,2,85
1457,14,4,85
1553,225,9,8
3970,166,1,31
2983,202,6,100
2294,491,6,66
2080,147,9,46
478,421,8,97
4852,428,5,15
4210,214,5,71
2052,244,8,35
3518,428,8,15
2182,478,7,35
1132,321,5,19
4013,24,4,20
546,488,6,29
545,214,5,71
4583,90,6,70
748,72,8,62
4388,26,8,9
317,424,6,50
3443,357,5,63
1582,34,2,90
2048,41,1,76
350,312,10,83
2374,349,6,7
2290,142,3,76
3521,155,9,99
2498,131,9,20
4381,387,3,24
4287,76,9,6
543,433,7,27
3672,38,9,62
751,447,3,66
2583,335,4,93
245,159,1,7
4538,338,9,52
2657,108,3,7
113,11,5,67
2342,308,1,6
3663,147,9,46
1325,226,8,98
3478,478,1,35
1975,134,6,79
3215,108,2,7
4523,358,7,100
1203,308,4,6
1607,310,6,23
2468,312,3,83
1098,224,6,9
3087,7,1,100
4442,152,1,34
3065,186,8,55
889,13,7,40
1266,103,8,17
4813,7,10,100
3826,139,1,44
1079,277,1,95
4929,12,2,71
1475,477,3,57
2929,285,2,6
2497,363,4,85
1769,499,4,56
2246,393,7,51
4728,334,9,19
3082,447,4,66
4638,208,9,55
401,377,9,67
559,479,2,49
4813,414,6,37
4759,396,8,91
841,423,6,71
4604,30,2,74
1438,392,8,79
178,139,4,44
3228,59,7,58
4034,122,6,67
2527,268,9,65
2055,384,1,17
1050,464,5,35
3999,408,10,78
1431,388,4,37
50,213,9,70
1479,125,8,29
3967,176,4,48
4797,72,2,62
913,384,8,17
1090,110,4,36
1015,104,5,37
4995,231,8,89
3151,447,7,66
2535,64,10,24
2223,418,4,19
2615,61,9,94
876,116,10,15
3240,474,7,96
4663,158,9,29
4467,16,8,17
195,144,2,33
2330,107,2,19
44,453,7,21
3365,9,5,2
215,223,1,11
131,441,3,67
1719,116,9,15
4977,314,6,32
1530,378,9,10
2145,312,6,83
1394,253,9,47
2642,322,10,77
3826,85,4,7
910,480,9,51
3904,403,10,43
128,345,6,56
1249,120,7,82
4823,171,9,67
2921,362,7,98
1532,7,10,100
3768,343,5,11
675,247,6,42
335,166,4,31
2832,407,6,59
3392,290,4,74
216,73,1,95
3280,54,7,12
4051,162,3,14
311,392,8,79
1273,284,9,1
2305,65,3,88
488,386,4,22
1579,125,1,29
3556,29,9,26
3275,285,1,6
3686,361,4,4
2644,63,4,24
1752,196,7,97
1324,380,1,10
3218,260,4,99
3091,465,10,85
234,176,2,48
3748,388,10,37
2449,100,3,73
3242,226,7,98
1008,203,4,91
931,11,2,67
2435,381,1,53
2712,157,5,88
3790,281,7,38
788,331,9,67
2786,96,3,38
2267,186,8,55
61,19,5,54
1680,393,6,51
1641,367,9,20
2529,219,6,74
2556,479,5,49
274,488,10,29
2456,465,3,85
1387,405,1,30
1742,419,9,78
2946,229,4,22
4572,219,3,74
3232,437,7,6
4867,264,10,2
3696,443,8,92
2692,295,9,72
3843,32,9,44
4490,399,5,98
4951,376,1,35
2710,91,7,66
457,282,9,56
4588,495,1,83
4908,131,5,20
3072,346,4,31
1258,235,1,84
2827,173,3,12
4586,306,3,93
4148,384,5,17
4162,107,9,19
4448,180,9,79
2707,476,6,69
1907,137,1,63
2404,65,5,88
1548,444,3,78
245,256,5,69
1123,373,3,28
2667,136,1,12
1078,151,4,76
150,440,10,40
3779,193,1,85
4430,113,8,59
4067,239,7,18
4382,217,4,89
915,405,1,30
4495,45,8,6
4403,52,10,39
1000,10,8,60
1146,222,4,40
4503,394,9,97
1408,393,1,51
1317,183,8,67
416,259,9,49
752,270,9,86
4593,294,7,74
357,140,2,40
3651,337,9,4
3047,41,7,76
2052,210,4,70
3946,454,5,54
3149,404,7,49
4669,448,3,77
1049,486,7,98
91,188,4,32
3547,149,2,57
1386,142,4,76
2379,367,4,20
234,165,8,28
3960,41,1,76
893,5,5,45
2026,336,1,44
4931,15,3,31
208,64,7,24
4468,124,9,7
2571,248,4,85
1682,5,10,45
874,169,1,11
3892,333,4,55
4024,131,10,20
3199,126,5,49
1614,221,7,85
3084,30,3,74
4620,16,7,17
3064,313,3,41
4796,112,9,85
4356,404,1,49
1350,268,3,65
2372,165,3,28
3773,359,10,78
1524,271,4,12
2398,465,4,85
1320,464,7,35
4732,35,6,77
3227,478,7,35
1814,266,5,38
1376,208,3,55
1285,500,7,98
2670,375,6,64
3303,448,9,77
1483,71,2,82
2918,345,4,56
2802,220,6,48
3035,462,5,4
1211,125,1,29
1403,277,1,95
4152,444,10,78
579,234,6,44
3880,285,5,6
468,306,1,93
1626,385,10,79
1007,147,6,46
3969,224,2,9
1586,106,6,45
3343,207,6,94
4130,242,10,56
1998,38,8,62
31,65,9,88
1144,286,5,22
2431,85,2,7
1029,226,6,98
2988,94,5,24
278,305,10,28
4454,104,6,37
2183,241,10,89
4412,261,9,41
3657,42,4,78
2089,105,10,48
4149,60,2,77
3574,382,9,33
2414,123,2,69
3099,286,10,22
1085,126,5,49
2896,107,7,19
2062,311,9,67
183,278,6,79
3035,461,7,73
4472,385,7,79
4630,99,3,58
366,160,1,37
3870,321,5,19
285,185,6,28
351,28,2,43
258,472,4,44
1681,216,3,22
1443,129,5,83
3819,385,5,79
1183,408,7,78
3402,21,6,59
1180,98,8,80
2786,62,9,2
825,262,2,56
2259,308,5,6
3554,89,10,51
448,83,4,59
816,486,1,98
2138,439,1,80
1825,252,1,25
380,44,3,20
4695,194,9,13
1575,322,1,77
898,183,4,67
3310,366,3,16
4420,487,1,15
226,194,1,13
2451,319,5,98
1748,475,8,23
1417,119,2,100
4271,192,10,82
50,138,7,6
938,308,9,6
1201,356,10,4
4399,489,3,65
2034,14,2,85
1566,211,3,13
2398,405,4,30
596,329,10,91
2460,44,1,20
1925,100,8,73
3366,438,2,42
3184,412,4,77
2359,101,10,86
1972,405,5,30
3278,163,8,8
851,458,1,17
811,448,7,77
118,174,1,34
4879,126,2,49
2040,376,5,35
768,106,5,45
3910,440,8,40
220,186,8,55
4658,289,9,41
2068,379,5,32
2113,237,8,1
469,206,3,84
4144,23,6,100
4994,43,3,21
1834,52,3,39
365,461,4,73
4890,389,2,18
4142,158,5,29
4810,147,6,46
3367,64,8,24
3079,13,4,40
3845,444,2,78
4218,422,3,88
3583,406,3,96
4149,8,3,17
3835,4,6,46
3104,309,8,19
1124,164,7,21
2349,294,4,74
4628,444,10,78
1636,47,1,70
532,111,3,80
496,433,4,27
1381,79,1,96
2381,189,5,40
3631,162,8,14
3778,51,5,50
3020,395,6,40
476,249,5,58
3685,200,8,80
2041,383,5,54
2682,379,10,32
3627,375,1,64
4883,26,9,9
4586,29,5,26
1089,69,6,47
746,282,9,56
175,361,9,4
3921,348,2,41
936,411,10,48
1183,13,10,40
1221,498,1,84
2691,293,5,32
2228,36,2,41
1233,365,4,31
786,148,5,4
4457,348,4,41
3402,250,9,35
3776,235,3,84
2781,358,9,100
2123,63,1,24
1360,316,10,38
4340,327,8,25
1541,478,1,35
2839,245,6,29
4794,470,3,56
4840,128,2,36
4101,200,1,80
4645,55,6,19
3313,153,8,23
4058,24,6,20
4396,148,6,4
2409,128,6,36
2302,458,10,17
2560,360,3,12
4745,81,7,22
3092,372,3,73
3260,429,2,80
4305,440,2,40
3675,67,1,26
2783,31,6,31
1380,499,5,56
1191,325,4,83
3862,344,3,58
901,78,3,68
4123,93,6,71
661,328,6,58
3001,98,8,80
1748,302,10,2
2246,445,3,8
170,291,10,43
1916,132,4,15
3048,143,10,92
2910,320,9,62
1249,287,10,71
1350,384,8,17
868,233,3,72
3495,394,1,97
2379,440,9,40
2045,65,9,88
3310,322,2,77
3619,42,8,78
2012,337,5,4
1102,439,8,80
4958,401,10,34
2861,75,7,11
4005,25,1,45
2212,405,9,30
2322,404,10,49
2304,224,1,9
3860,124,2,7
4789,462,5,4
2873,447,1,66
4622,81,6,22
605,219,7,74
911,275,2,82
1635,226,1,98
2900,177,7,1
44,326,7,22
489,220,4,48
1234,9,2,2
1779,349,8,7
1881,111,6,80
1902,478,2,35
790,34,8,90
1882,185,8,28
328,361,8,4
2548,78,9,68
4547,209,1,31
2088,121,8,41
2315,140,6,40
3754,21,7,59
3415,327,10,25
751,366,4,16
4597,132,3,15
2760,216,8,22
579,434,8,61
2139,377,2,67
4494,376,7,35
215,223,8,11
368,221,10,85
704,126,2,49
853,448,4,77
3697,110,2,36
1363,319,1,98
1025,202,6,100
1238,148,8,4
1307,263,9,15
855,262,2,56
821,430,7,37
928,476,6,69
4127,263,4,15
1390,66,6,4
2821,98,1,80
1858,385,7,79
3606,268,8,65
4035,404,10,49
4177,499,8,56
467,306,2,93
778,76,9,6
2551,274,1,83
489,493,5,50
516,36,3,41
1992,20,4,27
4742,301,9,82
984,299,1,50
3091,300,2,41
4060,480,3,51
4765,82,10,66
2515,105,3,48
46,71,4,82
4479,23,2,100
2707,15,10,31
4312,259,7,49
4241,452,2,21
11,111,2,80
4489,177,5,1
3994,16,2,17
3621,58,1,88
2215,452,7,21
4535,278,6,79
3137,288,2,11
654,234,2,44
2789,366,6,16
4677,308,1,6
3095,208,7,55
4632,76,3,6
1328,317,7,62
1802,106,7,45
3206,53,4,22
1199,97,10,16
4371,424,2,50
301,148,5,4
4974,461,6,73
4905,252,8,25
3165,94,8,24
3342,106,7,45
2714,166,9,31
3968,10,10,60
1576,22,10,58
2168,273,7,32
4930,372,2,73
481,478,7,35
23,413,3,40
782,382,4,33
3428,218,3,37
3804,126,2,49
1047,446,9,53
4334,237,2,1
1205,120,10,82
3990,371,1,39
4599,374,8,29
2262,14,8,85
2301,41,7,76
2946,440,9,40
4905,90,5,70
4538,476,1,69
3078,392,8,79
976,273,4,32
834,7,9,100
1080,198,8,4
2317,492,3,100
1575,96,2,38
4797,397,9,6
4632,378,1,10
3946,281,8,38
2638,265,7,81
1850,235,5,84
587,33,1,1
2770,238,3,11
1266,315,6,28
2494,314,5,32
2343,89,6,51
284,343,7,11
852,455,2,31
460,417,4,33
4172,354,6,38
4033,300,8,41
489,20,7,27
1353,355,6,36
4583,164,6,21
3574,431,3,78
1326,315,9,28
3366,185,6,28
2217,255,9,73
2059,490,5,63
1304,357,4,63
3981,282,4,56
3618,357,9,63
670,448,2,77
3637,135,2,71
2501,276,8,91
4295,173,3,12
3498,256,8,69
41,241,4,89
282,228,10,25
173,64,5,24
2546,125,9,29
3847,406,6,96
222,87,5,57
3490,106,6,45
4939,85,3,7
1899,212,6,14
3308,325,10,83
3223,95,3,49
1453,100,8,73
1842,376,8,35
3538,403,6,43
211,223,10,11
3290,424,1,50
2654,396,9,91
2205,353,8,68
3415,121,7,41
520,200,7,80
3977,128,3,36
2960,189,6,40
4082,435,1,91
3417,454,10,54
3780,370,10,19
3711,163,7,8
17,108,1,7
163,414,9,37
1259,374,1,29
3464,493,9,50
341,3,5,42
106,196,2,97
3472,457,2,65
3496,455,9,31
64,256,3,69
2106,102,7,73
2985,43,5,21
1994,438,9,42
285,88,3,68
3505,184,6,1
921,180,10,79
4052,175,8,94
2403,113,3,59
1521,45,3,6
2695,284,8,1
4884,451,9,87
3534,162,5,14
740,324,6,80
4742,364,6,55
3840,264,9,2
779,141,8,50
2560,399,10,98
3225,332,2,34
4690,325,9,83
494,383,9,54
891,211,5,13
1089,491,8,66
2993,432,8,77
3410,441,2,67
569,397,3,6
142,18,5,95
1084,403,10,43
1252,204,5,19
3832,101,8,86
3559,200,2,80
2402,94,10,24
2564,211,3,13
485,342,4,74
3216,453,10,21
2741,303,4,66
4994,137,7,63
760,95,8,49
550,81,9,22
3724,238,10,11
4401,215,5,79
4387,381,6,53
944,336,4,44
294,149,1,57
1450,485,1,80
113,17,10,63
3212,188,10,32
4948,500,1,98
1455,392,7,79
3714,184,2,1
3332,234,1,44
4096,207,9,94
1554,456,7,37
2107,106,10,45
2053,448,8,77
537,317,4,62
1914,303,9,66
4467,353,8,68
668,80,6,68
2312,72,7,62
2978,241,6,89
4088,299,3,50
1548,398,7,42
3819,415,1,12
2823,452,4,21
4273,351,2,50
295,422,8,88
2440,164,8,21
3187,124,7,7
1949,377,6,67
4807,117,1,99
2598,128,3,36
3147,24,5,20
1057,20,7,27
4536,7,1,100
1758,328,9,58
873,289,7,41
4543,406,8,96
854,310,10,23
4782,322,7,77
3847,169,7,11
962,135,7,71
4742,371,1,39
2757,173,4,12
449,304,9,67
4871,379,10,32
2779,13,8,40
4377,423,10,71
2461,426,10,100
806,14,4,85
3726,79,8,96
3966,109,3,31
4506,260,3,99
1759,57,8,100
185,146,8,18
2329,273,6,32
1882,448,8,77
1328,48,9,19
186,417,1,33
2506,363,1,85
1734,105,8,48
2171,439,1,80
496,265,6,81
856,269,3,24
4253,49,3,2
2077,226,2,98
2244,117,6,99
1485,342,7,74
2025,42,2,78
4281,353,9,68
4286,208,2,55
1706,122,2,67
1862,176,1,48
1500,113,9,59
3890,57,4,100
4197,173,4,12
3215,413,2,40
4458,17,8,63
4526,241,2,89
975,185,10,28
566,291,5,43
1054,53,7,22
2354,399,3,98
658,338,1,52
2840,374,10,29
1312,64,7,24
3620,445,3,8
3359,201,1,29
980,418,3,19
4247,409,3,9
1829,11,9,67
4229,237,4,1
1510,292,2,49
4494,380,10,10
2437,380,9,10
333,108,4,7
2772,405,6,30
1883,84,9,86
4047,458,7,17
3737,109,8,31
4637,181,7,32
4980,183,6,67
665,195,4,82
4357,95,9,49
2520,178,10,24
3523,36,2,41
1588,374,9,29
3005,273,8,32
424,245,5,29
3377,81,5,22
3963,101,3,86
990,332,9,34
906,294,5,74
2287,340,9,68
131,184,5,1
2705,115,5,92
2409,420,10,38
3503,408,3,78
1399,283,8,42
1617,93,8,71
655,256,6,69
2001,430,8,37
3517,462,1,4
4813,442,6,44
3272,133,2,29
435,342,4,74
3290,141,8,50
2168,369,1,36
2484,129,3,83
2129,56,6,29
462,15,5,31
1134,318,3,87
4568,492,4,100
1722,167,2,17
3115,103,3,17
2361,197,6,47
1651,107,1,19
4404,210,6,70
3417,94,2,24
1977,18,3,95
712,310,10,23
2174,286,1,22
343,329,10,91
170,375,9,64
4045,14,4,85
4700,93,5,71
2486,363,10,85
2206,103,9,17
3303,464,2,35
2920,452,10,21
287,224,6,9
2227,389,3,18
2984,370,6,19
1020,280,8,47
4958,304,6,67
775,475,7,23
1902,8,7,17
2997,274,2,83
3442,143,5,92
823,293,9,32
4609,29,2,26
2857,464,10,35
4420,230,3,19
2279,193,5,85
2937,357,4,63
3209,131,10,20
3065,140,9,40
1147,229,5,22
721,22,2,58
3619,142,5,76
1932,411,6,48
2068,136,5,12
3124,390,5,55
1487,433,3,27
2236,209,4,31
1918,422,7,88
1266,131,6,20
2410,483,2,2
1246,231,4,89
1822,136,6,12
3136,423,3,71
1120,25,5,45
312,27,4,69
2337,336,1,44
3090,213,9,70
2274,53,7,22
651,88,10,68
1631,278,1,79
4230,197,8,47
1672,311,9,67
2915,183,3,67
2101,7,8,100
1006,124,8,7
3352,403,1,43
4797,390,1,55
1705,267,7,54
1465,442,3,44
4269,136,9,12
3069,401,7,34
3888,54,1,12
3646,84,10,86
1308,408,3,78
2234,159,10,7
907,499,8,56
3999,11,2,67
3655,186,1,55
783,488,1,29
384,338,6,52
1502,443,1,92
3549,58,4,88
3856,440,9,40
1717,385,6,79
1375,2,6,94
4066,283,2,42
798,90,10,70
4486,474,6,96
1610,392,6,79
4976,87,5,57
4768,431,6,78
1896,487,4,15
3458,448,10,77
3112,91,2,66
4551,377,4,67
2542,55,10,19
1264,126,8,49
1090,229,4,22
4918,432,10,77
4239,366,8,16
4533,421,9,97
4184,201,8,29
1667,439,9,80
1306,448,5,77
144,488,1,29
2122,236,4,64
1646,321,8,19
2225,251,1,50
380,435,2,91
4227,325,9,83
3036,163,10,8
2931,294,4,74
2181,135,1,71
4721,38,8,62
4359,215,9,79
3662,357,3,63
2296,183,5,67
4754,385,10,79
1165,303,7,66
2208,280,1,47
3604,152,1,34
4114,393,10,51
4362,479,7,49
3374,136,3,12
4464,57,1,100
4298,115,6,92
4228,477,10,57
4709,38,3,62
3202,360,8,12
3883,302,1,2
3930,234,7,44
750,254,7,72
3394,476,9,69
2280,292,6,49
1305,154,7,3
2679,380,6,10
1353,395,3,40
4170,411,2,48
1276,142,6,76
1555,372,6,73
2969,124,4,7
3158,333,2,55
3039,46,2,88
1371,79,4,96
946,166,6,31
3274,235,10,84
119,267,3,54
3437,281,5,38
1767,436,1,80
2437,384,6,17
2120,87,10,57
3330,145,7,55
715,25,8,45
412,447,4,66
2060,215,10,79
1574,324,5,80
2467,493,8,50
2193,422,10,88
2476,114,8,96
2368,223,5,11
1169,74,3,84
2830,367,9,20
45,27,10,69
4793,397,7,6
4250,165,6,28
2968,278,4,79
4762,370,5,19
1865,233,4,72
3358,432,2,77
8,303,4,66
1409,276,8,91
4197,353,1,68
3833,317,10,62
3476,347,2,86
4892,165,1,28
1228,112,6,85
762,225,5,8
2579,217,4,89
309,328,1,58
2152,238,6,11
760,283,9,42
3381,424,7,50
677,45,8,6
1456,461,4,73
3964,350,6,58
1017,285,8,6
1274,23,2,100
1188,351,6,50
1623,30,8,74
81,373,3,28
2588,409,4,9
1682,103,6,17
1681,79,9,96
4001,266,10,38
2060,319,4,98
101,466,9,81
2155,418,10,19
477,54,6,12
2353,402,1,42
606,92,3,37
682,44,4,20
152,134,8,79
4592,277,10,95
4169,36,8,41
4481,425,8,19
1937,418,9,19
3142,336,5,44
170,197,4,47
4001,127,2,75
2961,173,7,12
1764,346,9,31
4912,290,2,74
119,126,2,49
936,320,6,62
2039,147,3,46
3798,281,10,38
1011,23,7,100
318,435,2,91
897,280,5,47
163,280,4,47
1713,341,10,76
2150,440,9,40
4601,246,8,83
415,497,5,52
501,99,1,58
3086,185,7,28
2331,327,8,25
1270,325,3,83
3896,105,4,48
2377,433,5,27
4812,404,10,49
1720,432,6,77
4570,358,8,100
806,395,9,40
4317,401,2,34
1126,239,3,18
1523,54,8,12
4978,419,8,78
1387,10,2,60
3121,243,5,95
3690,425,7,19
504,74,7,84
3624,446,8,53
3955,310,9,23
4633,484,3,93
3482,433,6,27
3833,323,9,98
3409,396,2,91
4587,353,6,68
2839,173,5,12
4804,373,7,28
544,353,3,68
4083,242,7,56
1109,303,5,66
1829,357,8,63
2211,174,1,34
1659,187,9,93
2969,111,1,80
732,293,7,32
4343,257,4,97
629,120,5,82
4274,231,3,89
2597,494,3,16
4165,226,5,98
3001,103,4,17
1405,58,9,88
2877,318,2,87
134,500,6,98
3517,419,3,78
3826,242,4,56
1565,20,8,27
596,217,6,89
1858,54,6,12
4748,56,5,29
4750,347,9,86
1293,62,9,2
3897,248,4,85
2629,178,4,24
4104,482,10,77
2483,291,5,43
401,496,6,73
1264,284,5,1
1664,50,5,85
2086,328,10,58
1227,485,3,80
4585,273,3,32
4101,222,10,40
4002,37,5,28
4660,143,1,92
624,364,8,55
3726,8,2,17
3836,24,1,20
1391,261,10,41
2884,59,3,58
1578,281,6,38
4879,432,3,77
493,430,8,37
1378,3,9,42
1572,210,6,70
3605,269,3,24
1337,156,4,35
2613,398,2,42
2690,466,10,81
201,312,4,83
4093,156,3,35
4264,471,5,2
738,197,7,47
3649,422,6,88
3427,488,8,29
4311,481,7,28
705,16,9,17
3177,457,3,65
1209,407,5,59
2893,291,3,43
1440,103,10,17
4402,234,6,44
3444,471,3,2
4023,482,9,77
1244,352,7,87
2424,274,7,83
2831,22,2,58
2733,48,4,19
2106,245,3,29
66,160,1,37
4592,51,8,50
2849,318,5,87
269,464,8,35
2772,481,9,28
984,12,10,71
1721,26,5,9
93,224,2,9
968,51,3,50
4325,28,3,43
4424,64,5,24
3916,280,6,47
1220,11,3,67
2678,411,5,48
2473,119,7,100
1543,273,8,32
972,246,8,83
139,75,5,11
3763,363,10,85
798,256,4,69
1255,139,5,44
3470,375,1,64
1761,286,3,22
3145,381,9,53
1343,47,3,70
3474,446,8,53
3713,200,2,80
160,316,4,38
1193,462,3,4
662,129,6,83
2125,143,1,92
4806,74,10,84
3861,106,2,45
3918,17,4,63
2079,300,8,41
3443,161,8,49
2863,226,5,98
3342,229,9,22
790,160,6,37
1908,204,10,19
2371,262,9,56
2132,173,6,12
4805,468,1,58
2584,266,7,38
607,254,5,72
3522,232,6,49
2691,225,7,8
2761,237,3,1
3993,97,1,16
1445,216,3,22
1510,187,4,93
2300,316,5,38
2785,328,2,58
4357,251,1,50
2713,489,9,65
4158,395,7,40
2282,15,6,31
3881,184,9,1
1509,425,10,19
1204,442,7,44
2489,204,9,19
934,243,3,95
1988,282,3,56
3142,290,4,74
4280,170,4,68
1388,461,10,73
3113,28,10,43
4464,90,5,70
3380,86,4,59
1181,16,5,17
852,36,1,41
1525,379,4,32
129,230,8,19
2467,334,2,19
4978,129,5,83
2418,315,7,28
3431,98,3,80
844,447,10,66
3954,259,7,49
3868,252,3,25
1309,309,4,19
885,53,2,22
131,411,8,48
1655,246,1,83
3667,60,6,77
401,376,5,35
3025,496,5,73
2811,477,6,57
3206,230,9,19
1333,327,9,25
78,114,7,96
859,394,6,97
2412,152,8,34
4090,57,5,100
1302,144,4,33
4348,141,6,50
1423,80,5,68
229,430,9,37
3292,415,1,12
64,168,3,40
3422,166,6,31
4879,381,7,53
3321,245,4,29
54,484,10,93
558,11,5,67
3060,395,7,40
3451,388,1,37
878,212,4,14
4304,194,2,13
1602,39,7,7
946,47,5,70
3765,179,2,3
1043,456,5,37
80,9,6,2
2030,320,10,62
2323,175,6,94
3970,500,8,98
4200,313,1,41
2333,75,2,11
933,460,8,24
1600,176,6,48
2818,292,1,49
2953,110,10,36
1963,239,7,18
575,231,7,89
1439,418,4,19
2647,36,4,41
4215,199,5,71
2783,372,1,73
3568,96,6,38
4730,265,10,81
71,351,4,50
4651,16,8,17
2104,25,10,45
1631,61,9,94
1288,143,9,92
312,141,1,50
1420,200,10,80
1514,137,8,63
2488,297,1,51
4078,247,3,42
246,432,7,77
646,32,8,44
984,216,3,22
2848,112,2,85
48,60,10,77
155,309,5,19
1364,150,6,34
3744,211,8,13
996,55,3,19
3760,75,7,11
319,51,2,50
195,489,2,65
2405,172,7,66
3953,278,4,79
622,466,10,81
1748,129,1,83
1017,303,2,66
282,116,4,15
760,189,8,40
1852,14,5,85
2918,207,2,94
2689,481,8,28
2817,310,4,23
3822,463,5,37
3117,256,5,69
4154,243,10,95
3801,369,1,36
3224,464,10,35
3808,373,4,28
3909,396,5,91
2260,293,4,32
4829,288,4,11
3884,147,4,46
1859,122,8,67
3088,154,7,3
4896,159,4,7
75,370,4,19
383,248,3,85
2141,277,8,95
4186,349,4,7
2785,93,5,71
3759,491,10,66
2277,214,8,71
2212,193,9,85
2105,281,6,38
458,398,8,42
2042,139,6,44
16,400,3,83
2403,335,5,93
3436,123,9,69
661,462,5,4
4457,254,1,72
1148,479,10,49
2676,420,10,38
497,491,8,66
3939,36,9,41
4162,233,7,72
2464,208,9,55
2204,40,8,27
188,247,6,42
1459,370,5,19
4183,332,5,34
3334,106,9,45
3881,245,9,29
761,36,3,41
2149,29,8,26
2905,13,1,40
926,259,6,49
2012,211,5,13
3892,286,7,22
660,58,6,88
1501,411,10,48
4596,332,7,34
446,314,7,32
4620,413,6,40
4247,331,4,67
2466,289,7,41
4112,169,7,11
3577,130,2,30
1743,435,4,91
426,183,2,67
1497,110,1,36
1722,319,6,98
4115,372,10,73
247,191,6,63
4720,170,5,68
4269,256,4,69
4086,10,4,60
3067,304,6,67
571,134,4,79
3470,135,3,71
4128,60,8,77
4809,235,2,84
4405,181,4,32
530,318,2,87
455,15,1,31
1969,222,6,40
2376,409,4,9
3135,361,1,4
1214,94,4,24
3351,87,2,57
1337,154,9,3
2075,422,8,88
4883,421,10,97
1121,383,4,54
1185,410,1,43
3336,361,6,4
927,449,3,57
3620,22,5,58
4024,276,2,91
3864,215,4,79
4157,139,9,44
1466,466,5,81
3188,239,7,18
3625,290,6,74
2405,7,8,100
3017,465,7,85
3136,286,4,22
4831,362,10,98
2746,94,5,24
1323,411,3,48
2633,27,1,69
3370,247,1,42
2591,249,1,58
4838,32,8,44
514,409,5,9
1355,402,6,42
1481,234,4,44
1072,70,3,5
4455,147,2,46
1847,227,9,3
4541,233,8,72
1681,177,3,1
2943,250,8,35
3544,453,1,21
3025,413,4,40
1748,279,4,5
2596,395,5,40
1043,17,9,63
3160,445,4,8
2003,246,3,83
2932,59,10,58
3771,189,8,40
583,230,7,19
3366,225,4,8
1299,432,4,77
553,65,5,88
2420,261,7,41
4304,20,4,27
3872,293,10,32
3565,76,3,6
4397,499,7,56
799,135,8,71
3108,29,9,26
2564,310,2,23
1670,184,5,1
1598,93,10,71
138,321,1,19
631,406,1,96
4100,200,1,80
4537,259,6,49
4016,213,7,70
1757,50,6,85
3263,236,4,64
2092,467,1,83
2988,19,10,54
3189,118,9,8
684,418,1,19
3240,12,1,71
3586,339,1,52
2428,149,2,57
4631,301,4,82
4163,284,5,1
4395,393,4,51
2070,349,4,7
4399,392,6,79
3635,456,8,37
3560,467,8,83
3427,207,1,94
4123,260,2,99
3719,40,8,27
3828,119,7,100
2393,68,5,65
3234,481,10,28
578,382,1,33
3904,378,7,10
4977,46,9,88
1313,223,6,11
2030,182,9,59
1049,428,5,15
2568,333,3,55
973,299,1,50
209,58,1,88
4517,193,3,85
2284,59,6,58
607,243,7,95
3550,29,4,26
3571,364,3,55
1759,447,2,66
2414,229,7,22
3650,321,1,19
272,255,10,73
1580,258,2,9
5000,7,10,100
145,259,4,49
230,327,3,25
1173,175,6,94
594,499,7,56
3141,410,6,43
968,342,10,74
3621,241,6,89
3191,278,3,79
2899,281,2,38
2217,499,1,56
4608,496,7,73
2877,325,1,83
4658,88,8,68
3571,277,5,95
1764,86,1,59
1962,379,8,32
4144,476,6,69
1676,432,8,77
1059,337,5,4
3622,479,10,49
1995,110,7,36
2491,494,3,16
4040,204,1,19
3905,385,2,79
4689,469,2,76
1688,10,6,60
1755,438,2,42
1781,368,9,36
3749,146,6,18
810,148,1,4
785,483,1,2
814,16,4,17
2888,277,9,95
467,388,1,37
4220,103,3,17
1453,106,3,45
1871,259,4,49
903,492,4,100
2235,178,1,24
4467,165,9,28
4390,487,8,15
3490,374,3,29
1310,373,7,28
98,258,10,9
4080,261,10,41
3063,483,4,2
402,347,3,86
2464,300,10,41
4146,365,6,31
1309,342,3,74
3237,396,7,91
3596,23,5,100
4892,252,4,25
3021,240,10,45
1910,411,1,48
3699,68,7,65
3987,480,4,51
2088,405,1,30
2483,148,8,4
3675,111,4,80
3878,492,3,100
4820,361,10,4
4326,452,2,21
13,324,8,80
2611,69,1,47
2477,482,7,77
3302,444,9,78
3074,134,2,79
3582,320,5,62
4448,249,2,58
4888,334,7,19
788,42,7,78
3589,495,1,83
827,287,9,71
975,15,10,31
2101,89,10,51
619,167,7,17
729,34,10,90
4646,143,10,92
4829,126,3,49
1143,466,9,81
3723,162,10,14
424,423,3,71
3956,87,4,57
280,11,10,67
4049,223,6,11
2449,439,9,80
2702,331,4,67
4359,14,1,85
2885,492,8,100
164,284,4,1
3054,180,6,79
2777,271,4,12
2593,346,10,31
216,297,4,51
3331,199,3,71
1528,230,5,19
3144,455,7,31
1337,80,10,68
3327,393,8,51
878,105,1,48
3104,482,8,77
608,17,9,63
4942,249,3,58
4605,87,6,57
913,447,2,66
2063,226,3,98
1603,293,2,32
1373,37,10,28
1701,399,2,98
1093,257,10,97
3509,393,5,51
459,267,10,54
1015,435,5,91
1417,1,9,54
3984,64,4,24
4258,320,1,62
3081,388,8,37
3525,5,6,45
2664,25,8,45
3074,151,7,76
206,456,4,37
3273,440,8,40
1249,166,10,31
3722,466,9,81
3207,247,5,42
2354,315,3,28
505,433,3,27
3283,94,2,24
2521,479,2,49
3999,465,5,85
1854,355,2,36
1882,209,9,31
1995,113,2,59
544,152,9,34
364,366,1,16
1465,300,6,41
2790,30,4,74
1330,277,3,95
4110,210,6,70
1267,257,8,97
559,191,8,63
1609,181,7,32
53,85,8,7
1170,109,4,31
4391,78,2,68
2212,440,2,40
3822,321,10,19
2735,170,5,68
4210,317,5,62
3687,72,3,62
4197,315,2,28
1910,151,3,76
580,481,10,28
4568,278,3,79
1935,446,5,53
1292,258,6,9
4584,384,1,17
3313,497,2,52
2046,313,1,41
142,316,2,38
1331,379,6,32
4086,60,8,77
4349,286,7,22
2215,105,7,48
4637,272,10,70
643,254,6,72
3898,477,1,57
3253,386,2,22
1656,292,2,49
1124,397,2,6
4227,101,5,86
112,495,4,83
3810,313,7,41
1833,480,10,51
2801,106,3,45
2777,378,7,10
1110,27,5,69
1708,422,7,88
1376,327,10,25
1723,186,10,55
1592,52,1,39
3770,344,10,58
1256,306,4,93
1409,290,6,74
3189,258,6,9
2940,415,3,12
4678,310,7,23
3020,134,5,79
4224,17,7,63
3088,3,8,42
1339,65,2,88
4918,396,6,91
1034,179,2,3
2696,256,7,69
1710,413,4,40
4632,212,4,14
4330,374,6,29
917,159,5,7
1349,410,10,43
941,205,3,73
4971,424,8,50
4808,222,2,40
4694,105,3,48
4329,320,1,62
2939,421,7,97
1070,421,2,97
4668,139,7,44
4746,19,2,54
1200,97,3,16
3047,416,4,88
3748,333,8,55
738,324,5,80
934,464,4,35
1475,133,6,29
486,436,2,80
2533,437,7,6
1340,236,8,64
2080,199,5,71
4889,266,10,38
4629,259,9,49
125,251,5,50
3347,210,1,70
1367,44,7,20
512,342,1,74
3018,395,5,40
3786,395,1,40
919,73,1,95
731,3,9,42
221,279,2,5
1099,307,6,97
353,424,4,50
2205,334,10,19
2969,127,3,75
3620,164,2,21
2691,415,2,12
1474,479,7,49
2806,483,4,2
1919,420,2,38
26,22,8,58
4251,109,5,31
1570,237,9,1
1736,34,1,90
4045,259,5,49
2887,303,6,66
4745,461,1,73
3589,336,2,44
618,358,10,100
3776,410,7,43
141,59,1,58
3314,126,9,49
3251,448,3,77
2732,364,10,55
2361,217,2,89
1831,381,6,53
2171,161,10,49
2551,302,3,2
1296,398,2,42
4600,483,6,2
1050,152,10,34
3425,53,10,22
4052,87,2,57
48,55,6,19
4841,377,1,67
770,155,7,99
680,72,10,62
1906,426,6,100
4286,442,7,44
2127,441,3,67
487,75,8,11
1157,13,1,40
208,21,4,59
15,114,2,96
822,26,10,9
1170,91,8,66
950,322,2,77
1990,55,9,19
589,491,3,66
2533,115,8,92
2273,320,5,62
805,174,1,34
4228,42,9,78
3068,435,9,91
618,171,5,67
1525,66,7,4
3106,11,4,67
2248,196,8,97
1174,122,3,67
879,468,7,58
399,489,6,65
4470,373,6,28
3173,230,8,19
2033,295,3,72
4401,6,8,45
2905,26,2,9
601,71,9,82
4958,225,7,8
563,177,6,1
4616,438,10,42
3316,254,5,72
2291,482,7,77
1354,446,1,53
486,493,5,50
3922,54,9,12
4226,184,10,1
658,365,2,31
1019,177,9,1
37,65,9,88
1517,461,7,73
2158,247,2,42
3789,253,3,47
4039,346,8,31
4128,481,9,28
3574,398,8,42
52,99,7,58
3313,64,8,24
307,500,3,98
4881,1,9,54
3376,475,8,23
594,421,10,97
3732,136,5,12
2467,19,4,54
1792,476,4,69
3091,130,4,30
4477,380,1,10
1080,213,4,70
4825,416,4,88
671,496,2,73
3607,304,7,67
23,115,8,92
3984,134,9,79
1775,324,6,80
986,53,5,22
186,110,7,36
837,311,9,67
2235,31,6,31
2984,453,10,21
2850,226,6,98
1517,326,10,22
4180,8,5,17
1494,65,3,88
240,351,4,50
3476,15,2,31
1375,312,9,83
1190,124,2,7
2998,327,1,25
1940,418,7,19
668,33,6,1
2579,327,1,25
4677,71,5,82
21,75,10,11
1771,123,9,69
4410,314,9,32
3721,430,5,37
722,326,8,22
4855,136,6,12
2098,61,3,94
4327,430,6,37
1925,394,5,97
1156,98,10,80
1184,457,7,65
767,261,7,41
3191,418,6,19
868,411,9,48
1338,31,6,31
2100,161,10,49
3159,259,8,49
2656,89,4,51
1573,475,10,23
2393,129,4,83
1573,483,2,2
721,364,9,55
1573,390,9,55
3262,137,7,63
4627,323,8,98
2613,466,10,81
2425,305,1,28
169,284,6,1
1769,8,2,17
1615,22,8,58
961,54,4,12
2113,73,4,95
2763,423,1,71
3486,140,3,40
4693,134,2,79
2011,335,6,93
1992,61,8,94
2535,441,4,67
3347,237,5,1
1840,39,10,7
4216,211,10,13
3503,390,4,55
1493,154,2,3
3039,249,10,58
2737,68,2,65
456,280,1,47
2517,95,4,49
1876,162,6,14
735,306,2,93
3060,132,3,15
30,144,4,33
3123,33,1,1
4136,291,6,43
431,93,1,71
3144,220,2,48
4086,332,2,34
385,196,3,97
1838,11,10,67
1215,214,1,71
545,358,8,100
319,136,6,12
1749,110,3,36
1521,230,4,19
4408,492,4,100
908,171,4,67
2991,380,4,10
3050,240,9,45
2279,253,8,47
2909,226,7,98
1398,276,9,91
3326,113,8,59
216,35,3,77
878,243,8,95
705,148,6,4
4898,205,1,73
3179,60,6,77
2842,494,4,16
1861,50,6,85
2352,101,10,86
3382,313,7,41
3258,115,7,92
1604,424,9,50
2717,122,6,67
4380,363,7,85
4016,208,4,55
1058,25,1,45
4481,333,4,55
4610,168,5,40
895,402,3,42
2230,321,9,19
3739,121,1,41
276,449,5,57
370,360,8,12
2156,425,8,19
4334,270,2,86
4055,350,6,58
3303,303,7,66
4281,31,7,31
532,88,6,68
1329,334,10,19
4719,289,3,41
2760,333,10,55
444,133,2,29
2875,90,1,70
1988,262,5,56
3081,32,4,44
3060,260,7,99
927,361,2,4
1934,234,5,44
433,178,3,24
2142,327,3,25
3469,90,5,70
2027,74,2,84
2555,349,7,7
1312,399,9,98
2968,390,5,55
4330,204,10,19
1606,15,6,31
2932,58,3,88
2982,105,3,48
3467,370,10,19
3328,450,1,59
969,424,9,50
1574,40,3,27
2894,394,2,97
3167,124,3,7
2916,283,4,42
50,373,8,28
4629,100,5,73
3672,433,8,27
3222,2,5,94
508,259,3,49
2792,470,2,56
1081,481,9,28
564,448,8,77
2253,20,5,27
285,377,7,67
3112,210,7,70
1781,241,7,89
4240,177,3,1
4145,478,4,35
3758,366,4,16
1732,498,3,84
4486,450,10,59
2030,247,3,42
558,495,2,83
1386,249,10,58
3868,343,7,11
1338,32,8,44
1318,316,7,38
1623,378,6,10
384,383,10,54
4680,262,9,56
1592,416,3,88
2325,5,4,45
1449,52,1,39
3766,251,4,50
4066,298,6,85
4481,141,5,50
4253,108,1,7
3220,205,8,73
3841,290,7,74
2782,438,8,42
4059,103,2,17
3237,292,1,49
3780,303,1,66
3920,38,10,62
4561,318,2,87
2229,147,8,46
3909,198,8,4
4075,190,4,11
1961,488,8,29
190,70,4,5
42,369,10,36
3550,257,8,97
1262,231,9,89
2192,39,8,7
3240,185,5,28
103,375,3,64
4355,246,3,83
603,136,9,12
2104,182,6,59
1836,194,3,13
2,319,1,98
4803,173,8,12
3123,49,2,2
931,470,5,56
3875,397,7,6
2824,54,7,12
2729,487,2,15
4191,139,7,44
4699,155,1,99
4360,198,7,4
2592,25,5,45
560,244,8,35
4029,435,8,91
2339,93,8,71
3175,456,1,37
1693,216,5,22
1925,70,6,5
2617,424,5,50
2146,352,1,87
1873,401,5,34
4007,469,3,76
3331,68,5,65
2263,160,6,37
1087,217,1,89
4534,255,4,73
3572,245,9,29
4142,317,5,62
219,148,6,4
2002,259,8,49
3723,124,3,7
127,301,3,82
1679,121,3,41
4233,447,2,66
4575,272,7,70
4141,262,4,56
1199,213,5,70
3415,410,7,43
3975,473,1,56
264,28,10,43
2818,314,7,32
3761,470,2,56
500,88,3,68
2256,240,10,45
4134,240,4,45
4891,55,3,19
2004,102,5,73
2205,271,3,12
1182,374,10,29
1139,2,8,94
373,425,10,19
4619,483,10,2
3771,4,4,46
2237,477,9,57
3995,58,1,88
2779,449,1,57
812,129,10,83
4677,321,4,19
735,93,8,71
2915,49,5,2
731,50,7,85
4603,361,1,4
685,479,4,49
967,148,9,4
22,261,9,41
3129,117,3,99
2537,173,5,12
3625,59,9,58
998,124,7,7
4169,432,6,77
766,422,2,88
3291,208,6,55
4752,345,2,56
2851,70,3,5
2508,138,9,6
3414,289,9,41
4317,127,4,75
2979,111,10,80
3453,490,6,63
4986,345,1,56
4528,355,9,36
4399,69,5,47
1955,321,7,19
2117,369,5,36
69,113,4,59
2359,452,6,21
2721,229,2,22
2888,376,10,35
3521,411,5,48
1861,457,3,65
532,488,7,29
28,451,3,87
4641,432,9,77
1284,296,1,24
1316,2,5,94
4764,315,3,28
4411,150,2,34
4310,408,4,78
2020,359,7,78
1956,140,4,40
1683,289,2,41
190,226,3,98
1658,294,6,74
815,56,9,29
3587,60,6,77
901,401,6,34
3645,320,10,62
1541,21,7,59
530,139,8,44
1040,154,7,3
4618,476,1,69
4674,317,2,62
3487,387,8,24
4359,451,9,87
946,8,1,17
1771,436,7,80
4379,443,10,92
3817,361,5,4
1362,457,6,65
1492,24,1,20
3305,27,4,69
3403,71,10,82
1351,184,8,1
2389,145,3,55
675,42,1,78
3768,434,9,61
886,321,8,19
3578,270,6,86
4266,289,5,41
3996,408,9,78
444,326,6,22
3473,161,1,49
4602,314,4,32
265,85,6,7
4400,161,8,49
1438,231,2,89
4423,380,1,10
3978,469,6,76
2810,67,2,26
146,453,6,21
2984,253,7,47
3534,220,9,48
1319,199,7,71
2225,487,3,15
1527,288,2,11
4389,8,8,17
4427,394,1,97
2674,198,1,4
1994,153,1,23
1247,250,8,35
4770,162,6,14
1418,145,8,55
833,334,1,19
3371,387,1,24
